30.000000000000000 0.001037523838624
30.500000000000000 0.000976870160321
31.000000000000000 0.000921087106109
31.500000000000000 0.000869668745289
32.000000000000000 0.000822174490259
32.500000000000000 0.000778218922602
33.000000000000000 0.000737463478352
33.500000000000000 0.000699609603058
34.000000000000000 0.000664393078844
34.500000000000000 0.000631579293409
35.000000000000000 0.000600959271711
35.500000000000000 0.000572346329442
36.000000000000000 0.000545573236651
36.500000000000000 0.000520489802486
37.000000000000000 0.000496960809457
37.500000000000000 0.000474864239358
38.000000000000000 0.000454089743756
38.500000000000000 0.000434537320510
39.000000000000000 0.000416116164621
39.500000000000000 0.000398743667192
40.000000000000000 0.000382344540724
40.500000000000000 0.000366850052564
41.000000000000000 0.000352197351261
41.500000000000000 0.000338328873019
42.000000000000000 0.000325191817391
42.500000000000000 0.000312737683029
43.000000000000000 0.000300921855681
43.500000000000000 0.000289703241729
44.000000000000000 0.000279043941581
44.500000000000000 0.000268908957962
45.000000000000000 0.000259265934912
45.500000000000000 0.000250084923786
46.000000000000000 0.000241338173118
46.500000000000000 0.000232999939583
47.000000000000000 0.000225046317650
47.500000000000000 0.000217455085844
48.000000000000000 0.000210205567782
48.500000000000000 0.000203278506373
49.000000000000000 0.000196655949776
49.500000000000000 0.000190321147873
50.000000000000000 0.000184258157996
