30.000000000000000 0.000423285247181
30.500000000000000 0.000315612570028
31.000000000000000 0.000537979380716
31.500000000000000 0.000162233445781
32.000000000000000 0.000549012860400
32.500000000000000 0.000106672177502
33.000000000000000 0.000518206094378
33.500000000000000 0.000104818246702
34.000000000000000 0.000440482517809
34.500000000000000 0.000178808483819
35.000000000000000 0.000293766316167
35.500000000000000 0.000274862692267
36.000000000000000 0.000166964134453
36.500000000000000 0.000325120863984
37.000000000000000 0.000094771992103
37.500000000000000 0.000352558091650
38.000000000000000 0.000054253199167
38.500000000000000 0.000353671587725
39.000000000000000 0.000065168045857
39.500000000000000 0.000289985391562
40.000000000000000 0.000130849251400
40.500000000000000 0.000186306333552
41.000000000000000 0.000197795263277
41.500000000000000 0.000104617721167
42.000000000000000 0.000230291661664
42.500000000000000 0.000060584362347
43.000000000000000 0.000241564209096
43.500000000000000 0.000038469541408
44.000000000000000 0.000240537488371
44.500000000000000 0.000040787377567
45.000000000000000 0.000210992031418
45.500000000000000 0.000078656017896
46.000000000000000 0.000146901856889
46.500000000000000 0.000139077917549
47.000000000000000 0.000072699390421
47.500000000000000 0.000187023721541
48.000000000000000 0.000024339349991
48.500000000000000 0.000194826708151
49.000000000000000 0.000017441490371
49.500000000000000 0.000163279337286
50.000000000000000 0.000041526067722
