30.0000000000 0.8285925846
30.0000000000 4.7576156094
30.0000000000 2.0903367926
30.5000000000 0.8270634919
30.5000000000 4.7594334337
30.5000000000 2.0871122804
31.0000000000 0.8255866412
31.0000000000 4.7611770112
31.0000000000 2.0840059176
31.5000000000 0.8241593946
31.5000000000 4.7628507954
31.5000000000 2.0810112826
32.0000000000 0.8227792894
32.0000000000 4.7644588911
32.0000000000 2.0781224139
32.5000000000 0.8214440232
32.5000000000 4.7660050876
32.5000000000 2.0753337695
33.0000000000 0.8201514419
33.0000000000 4.7674928884
33.0000000000 2.0726401904
33.5000000000 0.8188995270
33.5000000000 4.7689255379
33.5000000000 2.0700368679
34.0000000000 0.8176863858
34.0000000000 4.7703060445
34.0000000000 2.0675193141
34.5000000000 0.8165102414
34.5000000000 4.7716372019
34.5000000000 2.0650833354
35.0000000000 0.8153694240
35.0000000000 4.7729216079
35.0000000000 2.0627250089
35.5000000000 0.8142623629
35.5000000000 4.7741616812
35.5000000000 2.0604406604
36.0000000000 0.8131875794
36.0000000000 4.7753596767
36.0000000000 2.0582268452
36.5000000000 0.8121436801
36.5000000000 4.7765176989
36.5000000000 2.0560803303
37.0000000000 0.8111293505
37.0000000000 4.7776377143
37.0000000000 2.0539980783
37.5000000000 0.8101433501
37.5000000000 4.7787215628
37.5000000000 2.0519772326
38.0000000000 0.8091845067
38.0000000000 4.7797709672
38.0000000000 2.0500151043
38.5000000000 0.8082517122
38.5000000000 4.7807875429
38.5000000000 2.0481091598
39.0000000000 0.8073439177
39.0000000000 4.7817728058
39.0000000000 2.0462570101
39.5000000000 0.8064601304
39.5000000000 4.7827281798
39.5000000000 2.0444564001
40.0000000000 0.8055994090
40.0000000000 4.7836550041
40.0000000000 2.0427051994
40.5000000000 0.8047608611
40.5000000000 4.7845545387
40.5000000000 2.0410013942
41.0000000000 0.8039436398
41.0000000000 4.7854279711
41.0000000000 2.0393430790
41.5000000000 0.8031469408
41.5000000000 4.7862764203
41.5000000000 2.0377284492
42.0000000000 0.8023699996
42.0000000000 4.7871009429
42.0000000000 2.0361557951
42.5000000000 0.8016120896
42.5000000000 4.7879025362
42.5000000000 2.0346234952
43.0000000000 0.8008725192
43.0000000000 4.7886821433
43.0000000000 2.0331300109
43.5000000000 0.8001506300
43.5000000000 4.7894406561
43.5000000000 2.0316738808
44.0000000000 0.7994457947
44.0000000000 4.7901789189
44.0000000000 2.0302537164
44.5000000000 0.7987574155
44.5000000000 4.7908977316
44.5000000000 2.0288681975
45.0000000000 0.7980849221
45.0000000000 4.7915978525
45.0000000000 2.0275160676
45.5000000000 0.7974277705
45.5000000000 4.7922800011
45.5000000000 2.0261961308
46.0000000000 0.7967854410
46.0000000000 4.7929448604
46.0000000000 2.0249072476
46.5000000000 0.7961574373
46.5000000000 4.7935930792
46.5000000000 2.0236483317
47.0000000000 0.7955432850
47.0000000000 4.7942252743
47.0000000000 2.0224183472
47.5000000000 0.7949425304
47.5000000000 4.7948420323
47.5000000000 2.0212163055
48.0000000000 0.7943547395
48.0000000000 4.7954439117
48.0000000000 2.0200412626
48.5000000000 0.7937794968
48.5000000000 4.7960314443
48.5000000000 2.0188923167
49.0000000000 0.7932164043
49.0000000000 4.7966051367
49.0000000000 2.0177686059
49.5000000000 0.7926650809
49.5000000000 4.7971654723
49.5000000000 2.0166693057
50.0000000000 0.7921251611
50.0000000000 4.7977129119
50.0000000000 2.0155804169
