0.000000000000000 2.560638344833461
0.500000000000000 12.965786875933997
1.000000000000000 47.946457253978870
1.500000000000000 5.533655641375304
2.000000000000000 0.648527035112076
2.500000000000000 0.113477211278371
3.000000000000000 2.789699036893216
3.500000000000000 2.054366074589385
4.000000000000000 0.942312558338958
4.500000000000000 0.333573546233777
5.000000000000000 0.106291998700493
5.500000000000000 0.040798144419217
6.000000000000000 0.020823785544856
6.500000000000000 0.013053391650223
7.000000000000000 0.009067446477283
7.500000000000000 0.006669931870986
8.000000000000000 0.005136155220466
8.500000000000000 0.078221634294374
9.000000000000000 0.055289606977100
9.500000000000000 0.040544652095420
10.000000000000000 0.030468547960746
10.500000000000000 0.105885642293726
11.000000000000000 0.054223171901493
11.500000000000000 0.033878998417348
12.000000000000000 0.023275428431779
12.500000000000000 0.016896791480923
13.000000000000000 0.012720588843068
13.500000000000000 0.009829866136351
14.000000000000000 0.007748954537614
14.500000000000000 0.006206678682934
15.000000000000000 0.005037371264061
15.500000000000000 0.004134437236862
16.000000000000000 0.003426431193512
16.500000000000000 0.002864014238229
17.000000000000000 0.002412178110181
17.500000000000000 0.002045559636086
18.000000000000000 0.001745447355677
18.500000000000000 0.001497819186065
19.000000000000000 0.001292022161626
19.500000000000000 0.001119864157727
20.000000000000000 0.000974976803169
20.500000000000000 0.000852360917958
21.000000000000000 0.000748057232786
21.500000000000000 0.000658904609517
22.000000000000000 0.000582360333570
22.500000000000000 0.000516365059179
23.000000000000000 0.000459240285390
23.500000000000000 0.000409609805529
24.000000000000000 0.000366339010564
24.500000000000000 0.000328487617952
25.000000000000000 0.000295272586374
25.500000000000000 0.000266038822638
26.000000000000000 0.000240235895563
26.500000000000000 0.000217399414002
27.000000000000000 0.000197136050783
27.500000000000000 0.000179111434675
28.000000000000000 0.000163040311912
28.500000000000000 0.000148671719186
29.000000000000000 0.000135809856307
29.500000000000000 0.000124267034991
30.000000000000000 0.000113887240927
