0.000000000000000 2.560638344833461 0.188490266899687
0.500000000000000 12.965786875933997 0.351484709706171
1.000000000000000 47.946457253978870 0.439096015088312
1.500000000000000 5.533655641375304 0.218218546707548
2.000000000000000 0.648527035112076 0.069031867733868
2.500000000000000 0.113477211278371 0.046214197316550
3.000000000000000 2.789699036893216 0.080240984519627
3.500000000000000 2.054366074589385 0.127719370343290
4.000000000000000 0.942312558338958 0.126286552677344
4.500000000000000 0.333573546233777 0.091535215154021
5.000000000000000 0.106291998700493 0.064736462603376
5.500000000000000 0.040798144419217 0.051303645752181
6.000000000000000 0.020823785544856 0.043553864036317
6.500000000000000 0.013053391650223 0.036523157176928
7.000000000000000 0.009067446477283 0.029555134695111
7.500000000000000 0.006669931870986 0.023527161826517
8.000000000000000 0.005136155220466 0.018814631605108
8.500000000000000 0.078221634294374 0.015226960042640
9.000000000000000 0.055289606977100 0.012467829480128
9.500000000000000 0.040544652095420 0.010318787232266
10.000000000000000 0.030468547960746 0.008630032612628
10.500000000000000 0.105885642293726 0.007290378764669
11.000000000000000 0.054223171901493 0.006215521939794
11.500000000000000 0.033878998417348 0.005342954245513
12.000000000000000 0.023275428431779 0.004626899669598
12.500000000000000 0.016896791480923 0.004033602082039
13.000000000000000 0.012720588843068 0.003537781010969
13.500000000000000 0.009829866136351 0.003120204458362
14.000000000000000 0.007748954537614 0.002766042826109
14.500000000000000 0.006206678682934 0.002463727974801
15.000000000000000 0.005037371264061 0.002204142560976
15.500000000000000 0.004134437236862 0.001980032655092
16.000000000000000 0.003426431193512 0.001785575897962
16.500000000000000 0.002864014238229 0.001616060326778
17.000000000000000 0.002412178110181 0.001467643094125
17.500000000000000 0.002045559636086 0.001337167492209
18.000000000000000 0.001745447355677 0.001222022934605
18.500000000000000 0.001497819186065 0.001120036879542
19.000000000000000 0.001292022161626 0.001029390722806
19.500000000000000 0.001119864157727 0.000948553838511
20.000000000000000 0.000974976803169 0.000876231476384
20.500000000000000 0.000852360917958 0.000811323322728
21.000000000000000 0.000748057232786 0.000752890327668
21.500000000000000 0.000658904609517 0.000700127983043
22.000000000000000 0.000582360333570 0.000652344665734
22.500000000000000 0.000516365059179 0.000608943981879
23.000000000000000 0.000459240285390 0.000569410288007
23.500000000000000 0.000409609805529 0.000533296747525
24.000000000000000 0.000366339010564 0.000500215420456
24.500000000000000 0.000328487617952 0.000469828991113
25.000000000000000 0.000295272586374 0.000441843820890
25.500000000000000 0.000266038822638 0.000416004077939
26.000000000000000 0.000240235895563 0.000392086745941
26.500000000000000 0.000217399414002 0.000369897353691
27.000000000000000 0.000197136050783 0.000349266298609
27.500000000000000 0.000179111434675 0.000330045662479
28.000000000000000 0.000163040311912 0.000312106437480
28.500000000000000 0.000148671719186 0.000295336096598
29.000000000000000 0.000135809856307 0.000279636455140
29.500000000000000 0.000124267034991 0.000264921780860
30.000000000000000 0.000113887240927 0.000251117117983
