0.0000000000 -0.8113359815
0.0000000000 -2.4836503310
0.0000000000 -5.0578301818
0.5000000000 -0.1332909844
0.5000000000 -1.7571171403
0.5000000000 -2.6972125067
0.5000000000 -4.9430857350
1.0000000000 0.2305542897
1.0000000000 -2.0360494166
1.0000000000 -2.9390166379
1.0000000000 -4.7389397052
1.5000000000 0.4025473905
1.5000000000 -2.2313144987
1.5000000000 -3.1876591310
1.5000000000 -4.4977950175
2.0000000000 0.4096689957
2.0000000000 -2.3561021673
2.0000000000 -3.4235272511
2.0000000000 -4.2619883864
2.5000000000 0.3224108611
2.5000000000 -2.4159618517
2.5000000000 -3.6078448890
3.0000000000 0.2013707360
3.0000000000 -2.4237785747
3.0000000000 2.1144959482
3.0000000000 1.1051688446
3.0000000000 -3.6373400394
3.5000000000 0.0815507707
3.5000000000 -2.3999701384
3.5000000000 2.5074749130
3.5000000000 0.8320112916
3.5000000000 -3.5382679744
3.5000000000 -4.1812218554
4.0000000000 -0.0187298270
4.0000000000 -2.3660190392
4.0000000000 2.7062769704
4.0000000000 0.6719712461
4.0000000000 -3.4393833180
4.0000000000 -4.3017567949
4.5000000000 -0.0917042250
4.5000000000 -2.3378585849
4.5000000000 2.7707262884
4.5000000000 0.5728882481
4.5000000000 -3.3732672709
4.5000000000 -4.3881519051
5.0000000000 -0.1375765297
5.0000000000 -2.3229418739
5.0000000000 2.7546620568
5.0000000000 0.5157253659
5.0000000000 -3.3415726221
5.0000000000 -4.4354039097
5.5000000000 -0.1621563072
5.5000000000 -2.3210451164
5.5000000000 2.7039456445
5.5000000000 0.4864626511
5.5000000000 -3.3371277473
5.5000000000 -4.4498919554
6.0000000000 -0.1735661933
6.0000000000 -2.3275717603
6.0000000000 2.6469976603
6.0000000000 0.4732015771
6.0000000000 -3.3495997715
6.0000000000 -4.4431499968
6.5000000000 -0.1790844987
6.5000000000 -2.3372129444
6.5000000000 2.5977955026
6.5000000000 0.4668788700
6.5000000000 -3.3689257340
6.5000000000 -4.4272610506
7.0000000000 -0.1834201061
7.0000000000 -2.3462075572
7.0000000000 2.5609866952
7.0000000000 0.4619403581
7.0000000000 -3.3876372137
7.0000000000 -4.4113963331
7.5000000000 -0.1886091293
7.5000000000 -2.3529147267
7.5000000000 2.5359220928
7.5000000000 0.4560367429
7.5000000000 -3.4019478669
7.5000000000 -4.3989100455
8.0000000000 -0.1948644278
8.0000000000 -2.3572965731
8.0000000000 2.5196090632
8.0000000000 0.4489448669
8.0000000000 -3.4113648543
8.0000000000 -4.3942505681
8.5000000000 4.2016478325
8.5000000000 -0.2015994325
8.5000000000 -2.3600687642
8.5000000000 2.5087586858
8.5000000000 0.4413531420
8.5000000000 -3.4172531217
8.5000000000 -4.3921361714
9.0000000000 4.2365323732
9.0000000000 -0.2081577257
9.0000000000 -2.3620245633
9.0000000000 2.5008869012
9.0000000000 0.4340094395
9.0000000000 -3.4213342066
9.0000000000 -4.3917968529
9.5000000000 4.2553862067
9.5000000000 -0.2141384397
9.5000000000 -2.3637053056
9.5000000000 2.4943613493
9.5000000000 0.4273562631
9.5000000000 -3.4248339195
9.5000000000 -4.3918078801
10.0000000000 4.2699768408
10.0000000000 -0.2194227634
10.0000000000 -2.3653566534
10.0000000000 2.4886176482
10.0000000000 0.4215128149
10.0000000000 -3.4283189538
10.0000000000 -4.3915238694
10.5000000000 4.2826193232
10.5000000000 3.7776986451
10.5000000000 -0.2240690843
10.5000000000 -2.3670249918
10.5000000000 2.4833897830
10.5000000000 0.4164018717
10.5000000000 -3.4318966371
10.5000000000 -4.3908465468
11.0000000000 4.2934790401
11.0000000000 3.7561379368
11.0000000000 -0.2281987251
11.0000000000 -2.3686723092
11.0000000000 2.4786420883
11.0000000000 0.4118801647
11.0000000000 -3.4354748097
11.0000000000 -4.3899152824
11.5000000000 4.3026981200
11.5000000000 3.7376835009
11.5000000000 -0.2319256285
11.5000000000 -2.3702514240
11.5000000000 2.4743714608
11.5000000000 0.4078160084
11.5000000000 -3.4389367968
11.5000000000 -4.3888964798
12.0000000000 4.3103091747
12.0000000000 3.7220006753
12.0000000000 -0.2353318286
12.0000000000 -2.3717354389
12.0000000000 2.4705531632
12.0000000000 0.4041151163
12.0000000000 -3.4422124168
12.0000000000 -4.3878975315
12.5000000000 4.3165737932
12.5000000000 3.7085469681
12.5000000000 -0.2384698118
12.5000000000 -2.3731186965
12.5000000000 2.4671396886
12.5000000000 0.4007169659
12.5000000000 -3.4452821352
12.5000000000 -4.3869617588
13.0000000000 4.3218065862
13.0000000000 3.6968810916
13.0000000000 -0.2413733783
13.0000000000 -2.3744077377
13.0000000000 2.4640752222
13.0000000000 0.3975822642
13.0000000000 -3.4481565041
13.0000000000 -4.3860935476
13.5000000000 4.3262490443
13.5000000000 3.6866495390
13.5000000000 -0.2440670242
13.5000000000 -2.3756129563
13.5000000000 2.4613074729
13.5000000000 0.3946823974
13.5000000000 -3.4508563334
13.5000000000 -4.3852827276
14.0000000000 4.3300812076
14.0000000000 3.6775831759
14.0000000000 -0.2465711442
14.0000000000 -2.3767441418
14.0000000000 2.4587926958
14.0000000000 0.3919936159
14.0000000000 -3.4534017685
14.0000000000 -4.3845181579
14.5000000000 4.3334305218
14.5000000000 3.6694803539
14.5000000000 -0.2489040068
14.5000000000 -2.3778091779
14.5000000000 2.4564958886
14.5000000000 0.3894948053
14.5000000000 -3.4558089108
14.5000000000 -4.3837921060
15.0000000000 4.3363874772
15.0000000000 3.6621879869
15.0000000000 -0.2510821663
15.0000000000 -2.3788142532
15.0000000000 2.4543890525
15.0000000000 0.3871669773
15.0000000000 -3.4580901726
15.0000000000 -4.3831000357
15.5000000000 4.3390108780
15.5000000000 3.6555866554
15.5000000000 -0.2531204456
15.5000000000 -2.3797644253
15.5000000000 2.4524493138
15.5000000000 0.3849932354
15.5000000000 -3.4602555576
15.5000000000 -4.3824392236
16.0000000000 4.3413689387
16.0000000000 3.6495806270
16.0000000000 -0.2550319575
16.0000000000 -2.3806640509
16.0000000000 2.4506575392
16.0000000000 0.3829587058
16.0000000000 -3.4623136591
16.0000000000 -4.3818076884
16.5000000000 4.3434930080
16.5000000000 3.6440915600
16.5000000000 -0.2568282420
16.5000000000 -2.3815170147
16.5000000000 2.4489974489
16.5000000000 0.3810503518
16.5000000000 -3.4642721796
16.5000000000 -4.3812036804
17.0000000000 4.3454162916
17.0000000000 3.6390544593
17.0000000000 -0.2585194635
17.0000000000 -2.3823268292
17.0000000000 2.4474550523
17.0000000000 0.3792567335
17.0000000000 -3.4661381380
17.0000000000 -4.3806255330
17.5000000000 4.3471660526
17.5000000000 3.6344148878
17.5000000000 -0.2601146080
17.5000000000 -2.3830966790
17.5000000000 2.4460182555
17.5000000000 0.3775677711
17.5000000000 -3.4679179475
17.5000000000 -4.3800716574
18.0000000000 4.3487648564
18.0000000000 3.6301269047
18.0000000000 -0.2616216560
18.0000000000 -2.3838294510
18.0000000000 2.4446765584
18.0000000000 0.3759745425
18.0000000000 -3.4696174619
18.0000000000 -4.3795405647
18.5000000000 4.3502315167
18.5000000000 3.6261514700
18.5000000000 -0.2630477233
18.5000000000 -2.3845277633
18.5000000000 2.4434208066
18.5000000000 0.3744691161
18.5000000000 -3.4712420209
18.5000000000 -4.3790308761
19.0000000000 4.3515818347
19.0000000000 3.6224551901
19.0000000000 -0.2643991782
19.0000000000 -2.3851939935
19.0000000000 2.4422429854
19.0000000000 0.3730444153
19.0000000000 -3.4727965004
19.0000000000 -4.3785413205
19.5000000000 4.3528291778
19.5000000000 3.6190093227
19.5000000000 -0.2656817369
19.5000000000 -2.3858303049
19.5000000000 2.4411360483
19.5000000000 0.3716941050
19.5000000000 -3.4742853598
19.5000000000 -4.3780707265
20.0000000000 4.3539849325
20.0000000000 3.6157889847
20.0000000000 -0.2669005457
20.0000000000 -2.3864386701
20.0000000000 2.4400937748
20.0000000000 0.3704124970
20.0000000000 -3.4757126858
20.0000000000 -4.3776180123
20.5000000000 4.3550588601
20.5000000000 3.6127725187
20.5000000000 -0.2680602500
20.5000000000 -2.3870208920
20.5000000000 2.4391106525
20.5000000000 0.3691944696
20.5000000000 -3.4770822314
20.5000000000 -4.3771821772
21.0000000000 4.3560593778
21.0000000000 3.6099409809
21.0000000000 -0.2691650538
21.0000000000 -2.3875786214
21.0000000000 2.4381817791
21.0000000000 0.3680353985
21.0000000000 -3.4783974491
21.0000000000 -4.3767622941
21.5000000000 4.3569937837
21.5000000000 3.6072777249
21.5000000000 -0.2702187712
21.5000000000 -2.3881133729
21.5000000000 2.4373027801
21.5000000000 0.3669310979
21.5000000000 -3.4796615207
21.5000000000 -4.3763575024
22.0000000000 4.3578684367
22.0000000000 3.6047680609
22.0000000000 -0.2712248705
22.0000000000 -2.3886265388
22.0000000000 2.4364697394
22.0000000000 0.3658777698
22.0000000000 -3.4808773835
22.0000000000 -4.3759670023
22.5000000000 4.3586889038
22.5000000000 3.6023989741
22.5000000000 -0.2721865125
22.5000000000 -2.3891194010
22.5000000000 2.4356791408
22.5000000000 0.3648719598
22.5000000000 -3.4820477534
22.5000000000 -4.3755900496
23.0000000000 4.3594600797
23.0000000000 3.6001588903
23.0000000000 -0.2731065839
23.0000000000 -2.3895931417
23.0000000000 2.4349278185
23.0000000000 0.3639105190
23.0000000000 -3.4831751452
23.0000000000 -4.3752259510
23.5000000000 4.3601862855
23.5000000000 3.5980374810
23.5000000000 -0.2739877267
23.5000000000 -2.3900488533
23.5000000000 2.4342129139
23.5000000000 0.3629905712
23.5000000000 -3.4842618914
23.5000000000 -4.3748740594
24.0000000000 4.3608713505
24.0000000000 3.5960254990
24.0000000000 -0.2748323630
24.0000000000 -2.3904875461
24.0000000000 2.4335318395
24.0000000000 0.3621094840
24.0000000000 -3.4853101580
24.0000000000 -4.3745337708
24.5000000000 4.3615186807
24.5000000000 3.5941146393
24.5000000000 -0.2756427183
24.5000000000 -2.3909101566
24.5000000000 2.4328822476
24.5000000000 0.3612648430
24.5000000000 -3.4863219595
24.5000000000 -4.3742045201
25.0000000000 4.3621313153
25.0000000000 3.5922974218
25.0000000000 -0.2764208403
25.0000000000 -2.3913175537
25.0000000000 2.4322620028
25.0000000000 0.3604544301
25.0000000000 -3.4872991716
25.0000000000 -4.3738857785
25.5000000000 4.3627119753
25.5000000000 3.5905670902
25.5000000000 -0.2771686167
25.5000000000 -2.3917105447
25.5000000000 2.4316691589
25.5000000000 0.3596762040
25.5000000000 -3.4882435433
25.5000000000 -4.3735770505
26.0000000000 4.3632631039
26.0000000000 3.5889175266
26.0000000000 -0.2778877904
26.0000000000 -2.3920898808
26.0000000000 2.4311019381
26.0000000000 0.3589282824
26.0000000000 -3.4891567073
26.0000000000 -4.3732778710
26.5000000000 4.3637869011
26.5000000000 3.5873431771
26.5000000000 -0.2785799734
26.5000000000 -2.3924562619
26.5000000000 2.4305587131
26.5000000000 0.3582089273
26.5000000000 -3.4900401896
26.5000000000 -4.3729878036
27.0000000000 4.3642853537
27.0000000000 3.5858389881
27.0000000000 -0.2792466586
27.0000000000 -2.3928103408
27.0000000000 2.4300379919
27.0000000000 0.3575165311
27.0000000000 -3.4908954179
27.0000000000 -4.3727064379
27.5000000000 4.3647602599
27.5000000000 3.5844003508
27.5000000000 -0.2798892305
27.5000000000 -2.3931527271
27.5000000000 2.4295384036
27.5000000000 0.3568496049
27.5000000000 -3.4917237298
27.5000000000 -4.3724333878
28.0000000000 4.3652132517
28.0000000000 3.5830230534
28.0000000000 -0.2805089754
28.0000000000 -2.3934839908
28.0000000000 2.4290586865
28.0000000000 0.3562067674
28.0000000000 -3.4925263793
28.0000000000 -4.3721682899
28.5000000000 4.3656458135
28.5000000000 3.5817032387
28.5000000000 -0.2811070894
28.5000000000 -2.3938046655
28.5000000000 2.4285976774
28.5000000000 0.3555867356
28.5000000000 -3.4933045437
28.5000000000 -4.3718693539
29.0000000000 4.3660592982
29.0000000000 3.5804373675
29.0000000000 -0.2816846865
29.0000000000 -2.3941152511
29.0000000000 2.4281543023
29.0000000000 0.3549883161
29.0000000000 -3.4940593292
29.0000000000 -4.3716179829
29.5000000000 4.3664549421
29.5000000000 3.5792221866
29.5000000000 -0.2822428053
29.5000000000 -2.3944162165
29.5000000000 2.4277275679
29.5000000000 0.3544103972
29.5000000000 -3.4947917762
29.5000000000 -4.3713736076
30.0000000000 4.3668338765
30.0000000000 3.5780547000
30.0000000000 -0.2827824156
30.0000000000 -2.3947080020
30.0000000000 2.4273165542
30.0000000000 0.3538519424
30.0000000000 -3.4955028640
30.0000000000 -4.3711359397
