40.000000000000000 0.000139381233905
40.500000000000000 0.000135121850320
41.000000000000000 0.000130914836494
41.500000000000000 0.000126729971477
42.000000000000000 0.000122546535833
42.500000000000000 0.000118353239299
43.000000000000000 0.000114147835176
43.500000000000000 0.000109936441478
44.000000000000000 0.000105732599442
44.500000000000000 0.000101556109163
45.000000000000000 0.000097431689871
45.500000000000000 0.000093387517834
46.000000000000000 0.000089453698352
46.500000000000000 0.000085660729462
47.000000000000000 0.000082038014058
47.500000000000000 0.000078612473941
48.000000000000000 0.000075407314310
48.500000000000000 0.000072440980405
49.000000000000000 0.000069726339817
49.500000000000000 0.000067270114729
50.000000000000000 0.000065072578352
