40.000000000000000 0.000134883454672
40.500000000000000 0.000129452719769
41.000000000000000 0.000124332712026
41.500000000000000 0.000119520624440
42.000000000000000 0.000115011283248
42.500000000000000 0.000110796839761
43.000000000000000 0.000106866614202
43.500000000000000 0.000103207089872
44.000000000000000 0.000099802050725
44.500000000000000 0.000096632850250
45.000000000000000 0.000093678795583
45.500000000000000 0.000090917626829
46.000000000000000 0.000088326068847
46.500000000000000 0.000085880430712
47.000000000000000 0.000083557227051
47.500000000000000 0.000081333795476
48.000000000000000 0.000079188885117
48.500000000000000 0.000077103193220
49.000000000000000 0.000075059829284
49.500000000000000 0.000073044689624
50.000000000000000 0.000071046729090
