0.000000000000000 0.242071253931887
0.500000000000000 4.432162296375149
1.000000000000000 7.745672376419273
1.500000000000000 169.623596563030588
2.000000000000000 3.237740233450245
2.500000000000000 0.293911007881814
3.000000000000000 0.065395822501434
3.500000000000000 0.018564941454722
4.000000000000000 1.267364350760122
4.500000000000000 1.088850697941696
5.000000000000000 0.432005186281662
5.500000000000000 0.237967083896765
6.000000000000000 0.137154010649146
6.500000000000000 0.084581624032572
7.000000000000000 0.055967732578410
7.500000000000000 0.039240674152899
8.000000000000000 0.028750600899675
8.500000000000000 0.021765654987099
9.000000000000000 0.016904194762836
9.500000000000000 0.013403873916135
10.000000000000000 0.010815657844642
10.500000000000000 0.008859600988974
11.000000000000000 0.007353359230275
11.500000000000000 0.006174212406724
12.000000000000000 0.005237466558284
12.500000000000000 0.004483449304184
13.000000000000000 0.003869336068224
13.500000000000000 0.003363862733889
14.000000000000000 0.002943836749022
14.500000000000000 0.002591796981689
15.000000000000000 0.002294418788481
15.500000000000000 0.002041408912321
16.000000000000000 0.001824727019198
16.500000000000000 0.001638028610521
17.000000000000000 0.001476260532254
17.500000000000000 0.001335363404300
18.000000000000000 0.001212050095104
18.500000000000000 0.001103639011741
19.000000000000000 0.001007927380903
19.500000000000000 0.000923094027323
20.000000000000000 0.000847624131642
20.500000000000000 0.000780250521976
21.000000000000000 0.000719907513994
21.500000000000000 0.000665694355085
22.000000000000000 0.000616846077336
22.500000000000000 0.000572710108544
23.000000000000000 0.000532727389883
23.500000000000000 0.000496417044321
24.000000000000000 0.000463363860336
24.500000000000000 0.000433208021147
25.000000000000000 0.000405636635227
25.500000000000000 0.000380376719540
26.000000000000000 0.000357189360441
26.500000000000000 0.000335864833944
27.000000000000000 0.000316218511195
27.500000000000000 0.000298087409478
28.000000000000000 0.000281327276212
28.500000000000000 0.000265810114801
29.000000000000000 0.000251422078245
29.500000000000000 0.000238061669991
30.000000000000000 0.000225638202375
30.500000000000000 0.000214070471807
31.000000000000000 0.000203285616913
31.500000000000000 0.000193218131635
32.000000000000000 0.000183809009944
32.500000000000000 0.000175005002736
33.000000000000000 0.000166757970527
33.500000000000000 0.000159024318293
34.000000000000000 0.000151764500849
34.500000000000000 0.000144942588996
35.000000000000000 0.000138525888157
35.500000000000000 0.000132484602424
36.000000000000000 0.000126791538027
36.500000000000000 0.000121421841069
37.000000000000000 0.000116352765140
37.500000000000000 0.000111563465005
38.000000000000000 0.000107034813128
38.500000000000000 0.000102749236222
39.000000000000000 0.000098690569374
39.500000000000000 0.000094843925663
40.000000000000000 0.000091195579430
40.500000000000000 0.000087732861609
41.000000000000000 0.000084444065735
41.500000000000000 0.000081318363408
42.000000000000000 0.000078345728171
42.500000000000000 0.000075516866842
43.000000000000000 0.000072823157520
43.500000000000000 0.000070256593511
44.000000000000000 0.000067809732565
44.500000000000000 0.000065475650858
45.000000000000000 0.000063247901216
45.500000000000000 0.000061120475163
46.000000000000000 0.000059087768381
46.500000000000000 0.000057144549258
47.000000000000000 0.000055285930210
47.500000000000000 0.000053507341498
48.000000000000000 0.000051804507312
48.500000000000000 0.000050173423882
49.000000000000000 0.000048610339451
49.500000000000000 0.000047111735909
50.000000000000000 0.000045674311950
50.500000000000000 0.000044294967600
51.000000000000000 0.000042970790006
51.500000000000000 0.000041699040353
52.000000000000000 0.000040477141823
52.500000000000000 0.000039302668501
53.000000000000000 0.000038173335136
53.500000000000000 0.000037086987697
54.000000000000000 0.000036041594647
54.500000000000000 0.000035035238868
55.000000000000000 0.000034066110201
55.500000000000000 0.000033132498530
56.000000000000000 0.000032232787378
56.500000000000000 0.000031365447964
57.000000000000000 0.000030529033690
57.500000000000000 0.000029722175024
58.000000000000000 0.000028943574741
58.500000000000000 0.000028192003498
59.000000000000000 0.000027466295717
59.500000000000000 0.000026765345752
60.000000000000000 0.000026088104320
60.500000000000000 0.000025433575165
61.000000000000000 0.000024800811956
61.500000000000000 0.000024188915383
62.000000000000000 0.000023597030454
62.500000000000000 0.000023024343956
63.000000000000000 0.000022470082093
63.500000000000000 0.000021933508270
64.000000000000000 0.000021413921015
64.500000000000000 0.000020910652046
65.000000000000000 0.000020423064439
65.500000000000000 0.000019950550929
66.000000000000000 0.000019492532308
66.500000000000000 0.000019048455917
67.000000000000000 0.000018617794240
67.500000000000000 0.000018200043573
68.000000000000000 0.000017794722780
68.500000000000000 0.000017401372119
69.000000000000000 0.000017019552138
69.500000000000000 0.000016648842638
70.000000000000000 0.000016288841693
