0.000000000000000 0.102414806453683
0.500000000000000 0.198991437662272
1.000000000000000 0.317742112978536
1.500000000000000 0.245183457583224
2.000000000000000 0.093158609063488
2.500000000000000 0.031984644397355
3.000000000000000 0.024547685910138
3.500000000000000 0.039173223481223
4.000000000000000 0.062342258245692
4.500000000000000 0.074676063414893
5.000000000000000 0.069231711907274
5.500000000000000 0.055964457301702
6.000000000000000 0.043874273812097
6.500000000000000 0.035035722971207
7.000000000000000 0.028546345711102
7.500000000000000 0.023444627317541
8.000000000000000 0.019292548997336
8.500000000000000 0.015927285245452
9.000000000000000 0.013234837468989
9.500000000000000 0.011092178126429
10.000000000000000 0.009381196286535
10.500000000000000 0.008003557348841
11.000000000000000 0.006883278769782
11.500000000000000 0.005963186358332
12.000000000000000 0.005200380916613
12.500000000000000 0.004562462292793
13.000000000000000 0.004024720079229
13.500000000000000 0.003568108422624
14.000000000000000 0.003177793096442
14.500000000000000 0.002842104308021
15.000000000000000 0.002551775591226
15.500000000000000 0.002299384825594
16.000000000000000 0.002078938975568
16.500000000000000 0.001885562083797
17.000000000000000 0.001715258383921
17.500000000000000 0.001564730754440
18.000000000000000 0.001431240409764
18.500000000000000 0.001312497632382
19.000000000000000 0.001206576087378
19.500000000000000 0.001111845206397
20.000000000000000 0.001026916527852
20.500000000000000 0.000950600896946
21.000000000000000 0.000881874174259
21.500000000000000 0.000819849652244
22.000000000000000 0.000763755789304
22.500000000000000 0.000712918179170
23.000000000000000 0.000666744906546
23.500000000000000 0.000624714617937
24.000000000000000 0.000586366773508
24.500000000000000 0.000551293651983
25.000000000000000 0.000519133763761
25.500000000000000 0.000489566393034
26.000000000000000 0.000462307042079
26.500000000000000 0.000437103593045
27.000000000000000 0.000413733036905
27.500000000000000 0.000391998647390
28.000000000000000 0.000371727501186
28.500000000000000 0.000352768265199
29.000000000000000 0.000334989188225
29.500000000000000 0.000318276248279
30.000000000000000 0.000302531418752
30.500000000000000 0.000287671026546
31.000000000000000 0.000273624183856
31.500000000000000 0.000260331282389
32.000000000000000 0.000247742544572
32.500000000000000 0.000235816631146
33.000000000000000 0.000224519308125
33.500000000000000 0.000213822178881
34.000000000000000 0.000203701488975
34.500000000000000 0.000194137012303
35.000000000000000 0.000185111027839
35.500000000000000 0.000176607395202
36.000000000000000 0.000168610737359
36.500000000000000 0.000161105736658
37.000000000000000 0.000154076549073
37.500000000000000 0.000147506339480
38.000000000000000 0.000141376938235
38.500000000000000 0.000135668617712
39.000000000000000 0.000130359984195
39.500000000000000 0.000125427978940
40.000000000000000 0.000120847979681
40.500000000000000 0.000116593992013
41.000000000000000 0.000112638918338
41.500000000000000 0.000108954890724
42.000000000000000 0.000105513652957
42.500000000000000 0.000102286976409
43.000000000000000 0.000099247094232
43.500000000000000 0.000096367138232
44.000000000000000 0.000093621563835
44.500000000000000 0.000090986548932
45.000000000000000 0.000088440354085
45.500000000000000 0.000085963632959
46.000000000000000 0.000083539683731
46.500000000000000 0.000081154634290
47.000000000000000 0.000078797556198
47.500000000000000 0.000076460504669
48.000000000000000 0.000074138484110
48.500000000000000 0.000071829340990
49.000000000000000 0.000069533587948
49.500000000000000 0.000067254165006
50.000000000000000 0.000064996145510
50.500000000000000 0.000062766395878
51.000000000000000 0.000060573199478
51.500000000000000 0.000058425855763
52.000000000000000 0.000056334266333
52.500000000000000 0.000054308519780
53.000000000000000 0.000052358486955
53.500000000000000 0.000050493437821
54.000000000000000 0.000048721690194
54.500000000000000 0.000047050299575
55.000000000000000 0.000045484797919
55.500000000000000 0.000044028987628
56.000000000000000 0.000042684795267
56.500000000000000 0.000041452187949
57.000000000000000 0.000040329152945
57.500000000000000 0.000039311739898
58.000000000000000 0.000038394162664
58.500000000000000 0.000037568956447
59.000000000000000 0.000036827184240
59.500000000000000 0.000036158685335
60.000000000000000 0.000035552357549
60.500000000000000 0.000034996464010
61.000000000000000 0.000034478954720
61.500000000000000 0.000033987793649
62.000000000000000 0.000033511279391
62.500000000000000 0.000033038353360
63.000000000000000 0.000032558883066
63.500000000000000 0.000032063914550
64.000000000000000 0.000031545886283
64.500000000000000 0.000030998798934
65.000000000000000 0.000030418336715
65.500000000000000 0.000029801937523
66.000000000000000 0.000029148810705
66.500000000000000 0.000028459902733
67.000000000000000 0.000027737812831
67.500000000000000 0.000026986661788
68.000000000000000 0.000026211918732
68.500000000000000 0.000025420191686
69.000000000000000 0.000024618988765
69.500000000000000 0.000023816457588
70.000000000000000 0.000023021111025
