0.0000000000 -3.1723911023
0.0000000000 -5.8128497617
0.5000000000 -0.3581991838
0.5000000000 -1.9458247097
0.5000000000 -3.4306796075
0.5000000000 -5.6233675410
1.0000000000 0.0696493190
1.0000000000 -2.2880539153
1.0000000000 -3.7726323713
1.0000000000 -5.2871770955
1.5000000000 0.3229562740
1.5000000000 -2.5351025175
1.5000000000 -4.4894881906
2.0000000000 0.4241921457
2.0000000000 -2.7154101847
2.5000000000 0.4114344294
2.5000000000 -2.8351847519
3.0000000000 0.3342416227
3.0000000000 -2.9002718052
3.5000000000 0.2312236305
3.5000000000 -2.9215621971
4.0000000000 0.1263876819
4.0000000000 -2.9141228215
4.0000000000 2.5830906295
4.0000000000 1.2753039237
4.5000000000 0.0331674950
4.5000000000 -2.8933115515
4.5000000000 2.8642425665
4.5000000000 1.0572440581
5.0000000000 -0.0421799896
5.0000000000 -2.8711324093
5.0000000000 3.0074622598
5.0000000000 0.9222642205
5.5000000000 -0.0984955383
5.5000000000 -2.8546362663
5.5000000000 3.0641763524
5.5000000000 0.8345777638
6.0000000000 -0.1380616380
6.0000000000 -2.8460145017
6.0000000000 3.0702990415
6.0000000000 0.7778444422
6.5000000000 -0.1649332013
6.5000000000 -2.8443269978
6.5000000000 3.0517379693
6.5000000000 0.7412365632
7.0000000000 -0.1834211709
7.0000000000 -2.8471698276
7.0000000000 3.0248428750
7.0000000000 0.7168643352
7.5000000000 -0.1970659314
7.5000000000 -2.8520973163
7.5000000000 2.9983690593
7.5000000000 0.6992711983
8.0000000000 -0.2082340415
8.0000000000 -2.8573538219
8.0000000000 2.9763442371
8.0000000000 0.6850970799
8.5000000000 -0.2182058174
8.5000000000 -2.8620224173
8.5000000000 2.9592806270
8.5000000000 0.6725958755
9.0000000000 -0.2275031829
9.0000000000 -2.8658360548
9.0000000000 2.9465792490
9.0000000000 0.6610636590
9.5000000000 -0.2362412247
9.5000000000 -2.8688895315
9.5000000000 2.9371005229
9.5000000000 0.6503317450
10.0000000000 -0.2443870959
10.0000000000 -2.8714003673
10.0000000000 2.9297891760
10.0000000000 0.6404202723
10.5000000000 -0.2518983823
10.5000000000 -2.8735701506
10.5000000000 2.9238743226
10.5000000000 0.6313593386
11.0000000000 -0.2587746809
11.0000000000 -2.8755344587
11.0000000000 2.9188726017
11.0000000000 0.6231303075
11.5000000000 -0.2650546468
11.5000000000 -2.8773653543
11.5000000000 2.9145111270
11.5000000000 0.6156693661
12.0000000000 -0.2707983016
12.0000000000 -2.8790932412
12.0000000000 2.9106424372
12.0000000000 0.6088904893
12.5000000000 -0.2760700712
12.5000000000 -2.8807282403
12.5000000000 2.9071821472
12.5000000000 0.6027057608
13.0000000000 -0.2809289295
13.0000000000 -2.8822738783
13.0000000000 2.9040733976
13.0000000000 0.5970365512
13.5000000000 -0.2854249609
13.5000000000 -2.8837333407
13.5000000000 2.9012707811
13.5000000000 0.5918169115
14.0000000000 -0.2895996175
14.0000000000 -2.8851111224
14.0000000000 2.8987348705
14.0000000000 0.5869926847
14.5000000000 -0.2934873303
14.5000000000 -2.8864127161
14.5000000000 2.8964310447
14.5000000000 0.5825191748
15.0000000000 -0.2971171771
15.0000000000 -2.8876438933
15.0000000000 2.8943293709
15.0000000000 0.5783588824
15.5000000000 -0.3005141531
15.5000000000 -2.8888101865
15.5000000000 2.8924043785
15.5000000000 0.5744798010
16.0000000000 -0.3037000315
16.0000000000 -2.8899166567
16.0000000000 2.8906345661
16.0000000000 0.5708542520
16.5000000000 -0.3066939398
16.5000000000 -2.8909678521
16.5000000000 2.8890017850
16.5000000000 0.5674580933
17.0000000000 -0.3095127687
17.0000000000 -2.8919678499
17.0000000000 2.8874906418
17.0000000000 0.5642701496
17.5000000000 -0.3121714891
17.5000000000 -2.8929203190
17.5000000000 2.8860879917
17.5000000000 0.5612717707
18.0000000000 -0.3146834128
18.0000000000 -2.8938285769
18.0000000000 2.8847825327
18.0000000000 0.5584464705
18.5000000000 -0.3170604130
18.5000000000 -2.8946956359
18.5000000000 2.8835644865
18.5000000000 0.5557796252
19.0000000000 -0.3193131125
19.0000000000 -2.8955242396
19.0000000000 2.8824253469
19.0000000000 0.5532582189
19.5000000000 -0.3214510440
19.5000000000 -2.8963168931
19.5000000000 2.8813576777
19.5000000000 0.5508706279
20.0000000000 -0.3234827867
20.0000000000 -2.8970758886
20.0000000000 2.8803549500
20.0000000000 0.5486064393
20.5000000000 -0.3254160829
20.5000000000 -2.8978033272
20.5000000000 2.8794114070
20.5000000000 0.5464562968
21.0000000000 -0.3272579382
21.0000000000 -2.8985011387
21.0000000000 2.8785219537
21.0000000000 0.5444117694
21.5000000000 -0.3290147070
21.5000000000 -2.8991710983
21.5000000000 2.8776820639
21.5000000000 0.5424652394
22.0000000000 -0.3306921669
22.0000000000 -2.8998148425
22.0000000000 2.8768877035
22.0000000000 0.5406098068
22.5000000000 -0.3322955827
22.5000000000 -2.9004338816
22.5000000000 2.8761352647
22.5000000000 0.5388392059
23.0000000000 -0.3338297622
23.0000000000 -2.9010296120
23.0000000000 2.8754215115
23.0000000000 0.5371477343
23.5000000000 -0.3352991050
23.5000000000 -2.9016033270
23.5000000000 2.8747435330
23.5000000000 0.5355301906
24.0000000000 -0.3367076448
24.0000000000 -2.9021562255
24.0000000000 2.8740987031
24.0000000000 0.5339818208
24.5000000000 -0.3380590868
24.5000000000 -2.9026894212
24.5000000000 2.8734846471
24.5000000000 0.5324982705
25.0000000000 -0.3393568406
25.0000000000 -2.9032039495
25.0000000000 2.8728992119
25.0000000000 0.5310755442
25.5000000000 -0.3406040491
25.5000000000 -2.9037007745
25.5000000000 2.8723404406
25.5000000000 0.5297099690
26.0000000000 -0.3418036141
26.0000000000 -2.9041807950
26.0000000000 2.8718065511
26.0000000000 0.5283981621
26.5000000000 -0.3429582193
26.5000000000 -2.9046448499
26.5000000000 2.8712959167
26.5000000000 0.5271370033
27.0000000000 -0.3440703500
27.0000000000 -2.9050937231
27.0000000000 2.8708070494
27.0000000000 0.5259236095
27.5000000000 -0.3451423113
27.5000000000 -2.9055281482
27.5000000000 2.8703385857
27.5000000000 0.5247553129
28.0000000000 -0.3461762443
28.0000000000 -2.9059488120
28.0000000000 2.8698892737
28.0000000000 0.5236296409
28.5000000000 -0.3471741404
28.5000000000 -2.9063563585
28.5000000000 2.8694579619
28.5000000000 0.5225442988
29.0000000000 -0.3481378542
29.0000000000 -2.9067513922
29.0000000000 2.8690435893
29.0000000000 0.5214971540
29.5000000000 -0.3490691148
29.5000000000 -2.9071344809
29.5000000000 2.8686451768
29.5000000000 0.5204862219
30.0000000000 -0.3499695366
30.0000000000 -2.9075061587
30.0000000000 2.8682618193
30.0000000000 0.5195096530
30.5000000000 -0.3508406285
30.5000000000 -2.9078669280
30.5000000000 2.8678926789
30.5000000000 0.5185657221
31.0000000000 -0.3516838024
31.0000000000 -2.9082172625
31.0000000000 2.8675369789
31.0000000000 0.5176528177
31.5000000000 -0.3525003809
31.5000000000 -2.9085576085
31.5000000000 2.8671939979
31.5000000000 0.5167694326
32.0000000000 -0.3532916043
32.0000000000 -2.9088883875
32.0000000000 2.8668630655
32.0000000000 0.5159141561
32.5000000000 -0.3540586368
32.5000000000 -2.9092099974
32.5000000000 2.8665435576
32.5000000000 0.5150856658
33.0000000000 -0.3548025725
33.0000000000 -2.9095228144
33.0000000000 2.8662348923
33.0000000000 0.5142827213
33.5000000000 -0.3555244401
33.5000000000 -2.9098271944
33.5000000000 2.8659365269
33.5000000000 0.5135041577
34.0000000000 -0.3562252083
34.0000000000 -2.9101234743
34.0000000000 2.8656479539
34.0000000000 0.5127488797
34.5000000000 -0.3569057898
34.5000000000 -2.9104119733
34.5000000000 2.8653686990
34.5000000000 0.5120158569
35.0000000000 -0.3575670453
35.0000000000 -2.9106929941
35.0000000000 2.8650983178
35.0000000000 0.5113041189
35.5000000000 -0.3582097873
35.5000000000 -2.9109668238
35.5000000000 2.8648363939
35.5000000000 0.5106127510
36.0000000000 -0.3588347833
36.0000000000 -2.9112337351
36.0000000000 2.8645825364
36.0000000000 0.5099408900
36.5000000000 -0.3594427589
36.5000000000 -2.9114939869
36.5000000000 2.8643363784
36.5000000000 0.5092877211
37.0000000000 -0.3600344007
37.0000000000 -2.9117478255
37.0000000000 2.8640975745
37.0000000000 0.5086524741
37.5000000000 -0.3606103587
37.5000000000 -2.9119954852
37.5000000000 2.8638658001
37.5000000000 0.5080344208
38.0000000000 -0.3611712489
38.0000000000 -2.9122371890
38.0000000000 2.8636407491
38.0000000000 0.5074328717
38.5000000000 -0.3617176556
38.5000000000 -2.9124731491
38.5000000000 2.8634221331
38.5000000000 0.5068471739
39.0000000000 -0.3622501329
39.0000000000 -2.9127035680
39.0000000000 2.8632096800
39.0000000000 0.5062767084
39.5000000000 -0.3627692072
39.5000000000 -2.9129286386
39.5000000000 2.8630031327
39.5000000000 0.5057208882
40.0000000000 -0.3632753787
40.0000000000 -2.9131485452
40.0000000000 2.8628022482
40.0000000000 0.5051791559
40.5000000000 -0.3637691230
40.5000000000 -2.9133634634
40.5000000000 2.8626067967
40.5000000000 0.5046509822
41.0000000000 -0.3642508925
41.0000000000 -2.9135735612
41.0000000000 2.8624165609
41.0000000000 0.5041358641
41.5000000000 -0.3647211178
41.5000000000 -2.9137789989
41.5000000000 2.8622313345
41.5000000000 0.5036333229
42.0000000000 -0.3651802094
42.0000000000 -2.9139799299
42.0000000000 2.8620509222
42.0000000000 0.5031429032
42.5000000000 -0.3656285582
42.5000000000 -2.9141765010
42.5000000000 2.8618751388
42.5000000000 0.5026641714
43.0000000000 -0.3660665373
43.0000000000 -2.9143688526
43.0000000000 2.8617038082
43.0000000000 0.5021967144
43.5000000000 -0.3664945026
43.5000000000 -2.9145571191
43.5000000000 2.8615367635
43.5000000000 0.5017401380
44.0000000000 -0.3669127937
44.0000000000 -2.9147414294
44.0000000000 2.8613738457
44.0000000000 0.5012940667
44.5000000000 -0.3673217352
44.5000000000 -2.9149219068
44.5000000000 2.8612149037
44.5000000000 0.5008581416
45.0000000000 -0.3677216374
45.0000000000 -2.9150986698
45.0000000000 2.8610597938
45.0000000000 0.5004320203
45.5000000000 -0.3681127969
45.5000000000 -2.9152718318
45.5000000000 2.8609083789
45.5000000000 0.5000153756
46.0000000000 -0.3684954974
46.0000000000 -2.9154415018
46.0000000000 2.8607605285
46.0000000000 0.4996078945
46.5000000000 -0.3688700105
46.5000000000 -2.9156077845
46.5000000000 2.8606161183
46.5000000000 0.4992092779
47.0000000000 -0.3692365964
47.0000000000 -2.9157707802
47.0000000000 2.8604750296
47.0000000000 0.4988192394
47.5000000000 -0.3695955042
47.5000000000 -2.9159305855
47.5000000000 2.8603371489
47.5000000000 0.4984375049
48.0000000000 -0.3699469727
48.0000000000 -2.9160872932
48.0000000000 2.8602023682
48.0000000000 0.4980638120
48.5000000000 -0.3702912312
48.5000000000 -2.9162409925
48.5000000000 2.8600705839
48.5000000000 0.4976979089
49.0000000000 -0.3706284991
49.0000000000 -2.9163917693
49.0000000000 2.8599416974
49.0000000000 0.4973395545
49.5000000000 -0.3709589876
49.5000000000 -2.9165397060
49.5000000000 2.8598156139
49.5000000000 0.4969885174
50.0000000000 -0.3712828989
50.0000000000 -2.9166848823
50.0000000000 2.8596922431
50.0000000000 0.4966445758
50.5000000000 -0.3716004277
50.5000000000 -2.9168273746
50.5000000000 2.8595714984
50.5000000000 0.4963075164
51.0000000000 -0.3719117608
51.0000000000 -2.9169672568
51.0000000000 2.8594532966
51.0000000000 0.4959771347
51.5000000000 -0.3722170779
51.5000000000 -2.9171045999
51.5000000000 2.8593375584
51.5000000000 0.4956532340
52.0000000000 -0.3725165517
52.0000000000 -2.9172394725
52.0000000000 2.8592242076
52.0000000000 0.4953356254
52.5000000000 -0.3728103486
52.5000000000 -2.9173719406
52.5000000000 2.8591131709
52.5000000000 0.4950241273
53.0000000000 -0.3730986284
53.0000000000 -2.9175020680
53.0000000000 2.8590043782
53.0000000000 0.4947185649
53.5000000000 -0.3733815453
53.5000000000 -2.9176299161
53.5000000000 2.8588977622
53.5000000000 0.4944187701
54.0000000000 -0.3736592475
54.0000000000 -2.9177555444
54.0000000000 2.8587932581
54.0000000000 0.4941245810
54.5000000000 -0.3739318780
54.5000000000 -2.9178790102
54.5000000000 2.8586908039
54.5000000000 0.4938358417
55.0000000000 -0.3741995744
55.0000000000 -2.9180003688
55.0000000000 2.8585903398
55.0000000000 0.4935524023
55.5000000000 -0.3744624697
55.5000000000 -2.9181196738
55.5000000000 2.8584918084
55.5000000000 0.4932741179
56.0000000000 -0.3747206918
56.0000000000 -2.9182369768
56.0000000000 2.8583951544
56.0000000000 0.4930008493
56.5000000000 -0.3749743643
56.5000000000 -2.9183523278
56.5000000000 2.8583003247
56.5000000000 0.4927324618
57.0000000000 -0.3752236065
57.0000000000 -2.9184657752
57.0000000000 2.8582072680
57.0000000000 0.4924688260
57.5000000000 -0.3754685334
57.5000000000 -2.9185773657
57.5000000000 2.8581159352
57.5000000000 0.4922098165
58.0000000000 -0.3757092563
58.0000000000 -2.9186871445
58.0000000000 2.8580262787
58.0000000000 0.4919553127
58.5000000000 -0.3759458823
58.5000000000 -2.9187951554
58.5000000000 2.8579382529
58.5000000000 0.4917051980
59.0000000000 -0.3761785154
59.0000000000 -2.9189014408
59.0000000000 2.8578518136
59.0000000000 0.4914593598
59.5000000000 -0.3764072558
59.5000000000 -2.9190060416
59.5000000000 2.8577669183
59.5000000000 0.4912176892
60.0000000000 -0.3766322003
60.0000000000 -2.9191089977
60.0000000000 2.8576835260
60.0000000000 0.4909800811
60.5000000000 -0.3768534427
60.5000000000 -2.9192103475
60.5000000000 2.8576015971
60.5000000000 0.4907464339
61.0000000000 -0.3770710738
61.0000000000 -2.9193101284
61.0000000000 2.8575210935
61.0000000000 0.4905166494
61.5000000000 -0.3772851811
61.5000000000 -2.9194083764
61.5000000000 2.8574419783
61.5000000000 0.4902906325
62.0000000000 -0.3774958498
62.0000000000 -2.9195051267
62.0000000000 2.8573642158
62.0000000000 0.4900682913
62.5000000000 -0.3777031619
62.5000000000 -2.9196004132
62.5000000000 2.8572877717
62.5000000000 0.4898495368
63.0000000000 -0.3779071971
63.0000000000 -2.9196942689
63.0000000000 2.8572126127
63.0000000000 0.4896342829
63.5000000000 -0.3781080324
63.5000000000 -2.9197867258
63.5000000000 2.8571387067
63.5000000000 0.4894224462
64.0000000000 -0.3783057427
64.0000000000 -2.9198778150
64.0000000000 2.8570660226
64.0000000000 0.4892139459
64.5000000000 -0.3785004002
64.5000000000 -2.9199675665
64.5000000000 2.8569945303
64.5000000000 0.4890087038
65.0000000000 -0.3786920752
65.0000000000 -2.9200560097
65.0000000000 2.8569242008
65.0000000000 0.4888066441
65.5000000000 -0.3788808358
65.5000000000 -2.9201431729
65.5000000000 2.8568550059
65.5000000000 0.4886076934
66.0000000000 -0.3790667479
66.0000000000 -2.9202290837
66.0000000000 2.8567869183
66.0000000000 0.4884117803
66.5000000000 -0.3792498754
66.5000000000 -2.9203137690
66.5000000000 2.8567199118
66.5000000000 0.4882188359
67.0000000000 -0.3794302807
67.0000000000 -2.9203972547
67.0000000000 2.8566539607
67.0000000000 0.4880287931
67.5000000000 -0.3796080238
67.5000000000 -2.9204795662
67.5000000000 2.8565890404
67.5000000000 0.4878415870
68.0000000000 -0.3797831633
68.0000000000 -2.9205607281
68.0000000000 2.8565251268
68.0000000000 0.4876571545
68.5000000000 -0.3799557561
68.5000000000 -2.9206407643
68.5000000000 2.8564621967
68.5000000000 0.4874754344
69.0000000000 -0.3801258572
69.0000000000 -2.9207196980
69.0000000000 2.8564002276
69.0000000000 0.4872963673
69.5000000000 -0.3802935203
69.5000000000 -2.9207975520
69.5000000000 2.8563391976
69.5000000000 0.4871198955
70.0000000000 -0.3804587975
70.0000000000 -2.9208743481
70.0000000000 2.8562790855
70.0000000000 0.4869459629
