0.000000 0.065188
0.100000 0.052327
0.200000 0.042695
0.300000 0.035355
0.400000 0.029672
0.500000 0.025209
0.600000 0.021660
0.700000 0.018805
0.800000 0.016484
0.900000 0.014579
1.000000 0.013002
1.100000 0.011685
1.200000 0.010578
1.300000 0.009639
1.400000 0.008839
1.500000 0.008153
1.600000 0.007560
1.700000 0.007045
1.800000 122.138009
1.900000 31.626944
2.000000 10.610412
2.100000 3.719635
2.200000 2.043962
2.300000 1.080493
2.400000 0.616029
2.500000 0.374953
2.600000 0.242519
2.700000 0.166341
2.800000 0.120742
2.900000 0.092413
3.000000 0.074180
3.100000 0.061974
3.200000 0.053473
3.300000 0.047296
3.400000 0.042611
3.500000 0.038902
3.600000 0.035851
3.700000 0.033252
3.800000 0.030974
3.900000 0.028931
4.000000 0.027069
4.100000 0.025348
4.200000 0.023745
4.300000 0.022242
4.400000 0.020830
4.500000 0.019502
4.600000 0.018253
4.700000 0.017079
4.800000 0.015979
4.900000 749.443515
5.000000 138.902237
5.100000 43.219475
5.200000 17.757889
5.300000 8.670108
5.400000 4.765245
5.500000 2.853291
5.600000 1.822827
5.700000 1.224897
5.800000 0.857133
5.900000 0.619984
6.000000 0.460966
6.100000 0.350779
6.200000 0.272280
6.300000 0.214995
6.400000 0.172314
6.500000 0.139929
6.600000 0.114959
6.700000 0.095432
6.800000 0.079965
6.900000 0.067574
7.000000 0.057544
7.100000 0.049356
7.200000 0.042609
7.300000 0.037010
7.400000 0.032332
7.500000 0.028396
7.600000 0.025066
7.700000 0.022233
7.800000 0.019812
7.900000 0.017731
8.000000 14724.080827
8.100000 1870.137547
8.200000 493.996004
8.300000 183.786451
8.400000 84.381666
8.500000 44.455827
8.600000 25.810552
8.700000 16.118567
8.800000 10.650090
8.900000 7.355693
9.000000 5.274789
9.100000 3.897240
9.200000 2.953816
9.300000 2.288293
9.400000 1.806384
9.500000 1.449543
9.600000 1.180102
9.700000 0.973125
9.800000 0.811581
9.900000 0.683696
10.000000 0.581452
