0.000000 0.000410
0.100000 0.001638
0.200000 0.004293
0.300000 0.008483
0.400000 0.014250
0.500000 0.021572
0.600000 0.030360
0.700000 0.040468
0.800000 0.051695
0.900000 0.063791
1.000000 0.076466
1.100000 0.089396
1.200000 0.102232
1.300000 0.114616
1.400000 0.126187
1.500000 0.136601
1.600000 0.145547
1.700000 0.152752
1.800000 0.158003
1.900000 0.161148
2.000000 0.162105
2.100000 0.160864
2.200000 0.157486
2.300000 0.152105
2.400000 0.144918
2.500000 0.136177
2.600000 0.126184
2.700000 0.115268
2.800000 0.103778
2.900000 0.092056
3.000000 0.080430
3.100000 0.069189
3.200000 0.058576
3.300000 0.048781
3.400000 0.039936
3.500000 0.032115
3.600000 0.025343
3.700000 0.019601
3.800000 0.014836
3.900000 0.010972
4.000000 0.007913
4.100000 0.005560
4.200000 0.003809
4.300000 0.002560
4.400000 0.001719
4.500000 0.001199
4.600000 0.000926
4.700000 0.000833
4.800000 0.000863
4.900000 0.000970
5.000000 0.001116
5.100000 0.001274
5.200000 0.001421
5.300000 0.001543
5.400000 0.001634
5.500000 0.001688
5.600000 0.001708
5.700000 0.001696
5.800000 0.001658
5.900000 0.001600
6.000000 0.001530
6.100000 0.001453
6.200000 0.001375
6.300000 0.001301
6.400000 0.001235
6.500000 0.001179
6.600000 0.001135
6.700000 0.001103
6.800000 0.001083
6.900000 0.001075
7.000000 0.001077
7.100000 0.001088
7.200000 0.001106
7.300000 0.001131
7.400000 0.001160
7.500000 0.001191
7.600000 0.001224
7.700000 0.001257
7.800000 0.001289
7.900000 0.001319
8.000000 0.001346
8.100000 0.001369
8.200000 0.001388
8.300000 0.001403
8.400000 0.001412
8.500000 0.001417
8.600000 0.001416
8.700000 0.001410
8.800000 0.001398
8.900000 0.001382
9.000000 0.001360
9.100000 0.001334
9.200000 0.001303
9.300000 0.001268
9.400000 0.001228
9.500000 0.001186
9.600000 0.001140
9.700000 0.001091
9.800000 0.001040
9.900000 0.000987
10.000000 0.000932
