0.0000000000 -2.4018544242
0.1000000000 -2.4557103445
0.2000000000 -2.5093691424
0.3000000000 -2.5627682362
0.4000000000 -2.6158414568
0.5000000000 -2.6685201401
0.6000000000 -2.7207308068
0.7000000000 -2.7723996994
0.8000000000 -2.8234437054
0.9000000000 -2.8737786625
1.0000000000 -2.9233140294
1.1000000000 -2.9719633608
1.2000000000 -3.0196204885
1.3000000000 -3.0661841063
1.4000000000 -3.1115455669
1.5000000000 -3.1556082504
1.6000000000 -3.1982408763
1.7000000000 -3.2393267854
1.8000000000 1.4578222977
1.8000000000 -3.2787596014
1.9000000000 1.4096158801
1.9000000000 -3.3164153253
1.9000000000 -7.3321647235
1.9000000000 -8.5473411454
2.0000000000 1.3621299346
2.0000000000 -3.3521922804
2.0000000000 -7.0964976194
2.0000000000 -9.0866031425
2.1000000000 1.3153893904
2.1000000000 -3.3859562743
2.1000000000 -6.9374879796
2.1000000000 -9.7722415751
2.2000000000 1.2694383336
2.2000000000 -3.4176128152
2.2000000000 -6.8149443399
2.3000000000 1.2243151964
2.3000000000 -3.4470670306
2.3000000000 -6.7152964879
2.4000000000 1.1800463272
2.4000000000 -3.4742365892
2.4000000000 -6.6321977947
2.5000000000 1.1366713290
2.5000000000 -3.4990550121
2.5000000000 -6.5621044378
2.6000000000 1.0942225593
2.6000000000 -3.5214746676
2.6000000000 -6.5027236522
2.7000000000 1.0527309660
2.7000000000 -3.5414692811
2.7000000000 -6.4525302927
2.8000000000 1.0122284321
2.8000000000 -3.5590322857
2.8000000000 -6.4104774284
2.9000000000 0.9727443408
2.9000000000 -3.5742014579
2.9000000000 -6.3757934950
3.0000000000 0.9343069030
3.0000000000 -3.5870109854
3.0000000000 -6.3474020968
3.1000000000 0.8969422459
3.1000000000 -3.5975408402
3.1000000000 -6.3251381086
3.2000000000 0.8606752998
3.2000000000 -3.6058908067
3.2000000000 -6.3083598658
3.3000000000 0.8255284199
3.3000000000 -3.6121824913
3.3000000000 -6.2966137664
3.4000000000 0.7915216030
3.4000000000 -3.6165568675
3.4000000000 -6.2894325318
3.5000000000 0.7586736257
3.5000000000 -3.6191667659
3.5000000000 -6.2864155664
3.6000000000 0.7269988466
3.6000000000 -3.6201916315
3.6000000000 -6.2871632455
3.7000000000 0.6965098725
3.7000000000 -3.6197957870
3.7000000000 -6.2912886111
3.8000000000 0.6672161893
3.8000000000 -3.6181618312
3.8000000000 -6.2984161283
3.9000000000 0.6391238763
3.9000000000 -3.6154687093
3.9000000000 -6.3081814305
4.0000000000 0.6122357849
4.0000000000 -3.6118911737
4.0000000000 -6.3202172972
4.1000000000 0.5865512799
4.1000000000 -3.6075973004
4.1000000000 -6.3342132841
4.2000000000 0.5620661446
4.2000000000 -3.6027396222
4.2000000000 -6.3498265820
4.3000000000 0.5387725011
4.3000000000 -3.5974894208
4.3000000000 -6.3667430745
4.4000000000 0.5166587937
4.4000000000 -3.5919604151
4.4000000000 -6.3846579302
4.5000000000 0.4957097499
4.5000000000 -3.5862842878
4.5000000000 -6.4032835950
4.6000000000 0.4759065353
4.6000000000 -3.5805720615
4.6000000000 -6.4223522690
4.7000000000 0.4572266288
4.7000000000 -3.5749210760
4.7000000000 -6.4416094253
4.8000000000 0.4396441449
4.8000000000 -3.5694156572
4.8000000000 -6.4608170427
4.9000000000 4.6216526390
4.9000000000 0.4231299073
4.9000000000 -3.5641263175
4.9000000000 -6.4797335434
5.0000000000 4.5757557221
5.0000000000 0.4076516715
5.0000000000 -3.5591096728
5.0000000000 -6.4982042823
5.1000000000 4.5315093278
5.1000000000 0.3931743715
5.1000000000 -3.5544162591
5.1000000000 -6.5160232569
5.2000000000 4.4889488108
5.2000000000 0.3796603985
5.2000000000 -3.5501024337
5.2000000000 -6.5330271349
5.3000000000 4.4479322849
5.3000000000 0.3670699110
5.3000000000 -3.5461653522
5.3000000000 -6.5493939763
5.4000000000 4.4085225586
5.4000000000 0.3553611658
5.4000000000 -3.5426352388
5.4000000000 -6.5640373840
5.5000000000 4.3706699034
5.5000000000 0.3444905926
5.5000000000 -3.5395221054
5.5000000000 -6.5778367980
5.6000000000 4.3343498142
5.6000000000 0.3344205783
5.6000000000 -3.5368289402
5.6000000000 -6.5903969452
5.7000000000 4.2995251139
5.7000000000 0.3250869484
5.7000000000 -3.5345521307
5.7000000000 -6.6016698434
5.8000000000 4.2661742471
5.8000000000 0.3164623079
5.8000000000 -3.5326826358
5.8000000000 -6.6116303129
5.9000000000 4.2342694443
5.9000000000 0.3084948414
5.9000000000 -3.5312067284
5.9000000000 -6.6202750096
6.0000000000 4.2037809891
6.0000000000 0.3011390259
6.0000000000 -3.5301067821
6.0000000000 -6.6275866513
6.1000000000 4.1746743120
6.1000000000 0.2943499492
6.1000000000 -3.5293620154
6.1000000000 -6.6336697032
6.2000000000 4.1469258270
6.2000000000 0.2880836224
6.2000000000 -3.5289491867
6.2000000000 -6.6385419678
6.3000000000 4.1205001007
6.3000000000 0.2822972652
6.3000000000 -3.5288432399
6.3000000000 -6.6422688810
6.4000000000 4.0953653349
6.4000000000 0.2769494708
6.4000000000 -3.5290178961
6.4000000000 -6.6449271702
6.5000000000 4.0714746951
6.5000000000 0.2720008826
6.5000000000 -3.5295871093
6.5000000000 -6.6466020726
6.6000000000 4.0488285714
6.6000000000 0.2674134766
6.6000000000 -3.5301009152
6.6000000000 -6.6473848061
6.7000000000 4.0273558173
6.7000000000 0.2631516228
6.7000000000 -3.5309550292
6.7000000000 -6.6473697439
6.8000000000 4.0070300433
6.8000000000 0.2591817515
6.8000000000 -3.5319822252
6.8000000000 -6.6466524243
6.9000000000 3.9878131754
6.9000000000 0.2554725289
6.9000000000 -3.5331570927
6.9000000000 -6.6453272493
7.0000000000 3.9696571799
7.0000000000 0.2519949096
7.0000000000 -3.5344553756
7.0000000000 -6.6434858202
7.1000000000 3.9525483055
7.1000000000 0.2487221569
7.1000000000 -3.5358541895
7.1000000000 -6.6412155116
7.2000000000 3.9364193702
7.2000000000 0.2456298347
7.2000000000 -3.5373321909
7.2000000000 -6.6385983587
7.3000000000 3.9212377733
7.3000000000 0.2426957730
7.3000000000 -3.5388697010
7.3000000000 -6.6357102413
7.4000000000 3.9069622358
7.4000000000 0.2399000092
7.4000000000 -3.5404487854
7.4000000000 -6.6326546186
7.5000000000 3.8935502729
7.5000000000 0.2372247096
7.5000000000 -3.5420532978
7.5000000000 -6.6294244167
7.6000000000 3.8809614853
7.6000000000 0.2346540731
7.6000000000 -3.5436688883
7.6000000000 -6.6261093377
7.7000000000 3.8691464984
7.7000000000 0.2321742210
7.7000000000 -3.5452829818
7.7000000000 -6.6227574486
7.8000000000 3.8580842370
7.8000000000 0.2297729181
7.8000000000 -3.5468847300
7.8000000000 -6.6194100247
7.9000000000 3.8476994710
7.9000000000 0.2274401497
7.9000000000 -3.5484649419
7.9000000000 -6.6161018673
8.0000000000 7.7840436365
8.0000000000 3.8380023771
8.0000000000 0.2251667834
8.0000000000 -3.5500159951
8.0000000000 -6.6128617032
8.1000000000 7.7393314174
8.1000000000 3.8289099726
8.1000000000 0.2229453551
8.1000000000 -3.5515317340
8.1000000000 -6.6097126386
8.2000000000 7.6976294633
8.2000000000 3.8203986299
8.2000000000 0.2207696639
8.2000000000 -3.5530073569
8.2000000000 -6.6066726494
8.3000000000 7.6577437262
8.3000000000 3.8124203481
8.3000000000 0.2186346424
8.3000000000 -3.5544392950
8.3000000000 -6.6037550903
8.4000000000 7.6203337761
8.4000000000 3.8049692631
8.4000000000 0.2165362143
8.4000000000 -3.5558250889
8.4000000000 -6.6009692080
8.5000000000 7.5851039746
8.5000000000 3.7979838455
8.5000000000 0.2144711667
8.5000000000 -3.5571632619
8.5000000000 -6.5983206474
8.6000000000 7.5518617393
8.6000000000 3.7914365875
8.6000000000 0.2124370370
8.6000000000 -3.5584531960
8.6000000000 -6.5958119425
8.7000000000 7.5205658662
8.7000000000 3.7852972948
8.7000000000 0.2104320009
8.7000000000 -3.5596950103
8.7000000000 -6.5934429834
8.8000000000 7.4911137781
8.8000000000 3.7795357471
8.8000000000 0.2084547691
8.8000000000 -3.5608894443
8.8000000000 -6.5912114562
8.9000000000 7.4632976603
8.9000000000 3.7741234178
8.9000000000 0.2065044918
8.9000000000 -3.5620377484
8.9000000000 -6.5891132505
9.0000000000 7.4373240705
9.0000000000 3.7690331039
9.0000000000 0.2045806734
9.0000000000 -3.5631415817
9.0000000000 -6.5871428326
9.1000000000 7.4128341098
9.1000000000 3.7642289343
9.1000000000 0.2026830958
9.1000000000 -3.5642029177
9.1000000000 -6.5852935841
9.2000000000 7.3898233358
9.2000000000 3.7597140616
9.2000000000 0.2008117500
9.2000000000 -3.5652239599
9.2000000000 -6.5835581031
9.3000000000 7.3682414958
9.3000000000 3.7554481427
9.3000000000 0.1989667777
9.3000000000 -3.5662070661
9.3000000000 -6.5819284708
9.4000000000 7.3479972597
9.4000000000 3.7514102069
9.4000000000 0.1971484203
9.4000000000 -3.5671546820
9.4000000000 -6.5803964828
9.5000000000 7.3290209204
9.5000000000 3.7475814124
9.5000000000 0.1953569759
9.5000000000 -3.5680692842
9.5000000000 -6.5789538470
9.6000000000 7.3112485564
9.6000000000 3.7439468797
9.6000000000 0.1935927643
9.6000000000 -3.5689533317
9.6000000000 -6.5775944750
9.7000000000 7.2946076896
9.7000000000 3.7404899556
9.7000000000 0.1918560977
9.7000000000 -3.5698092259
9.7000000000 -6.5767454951
9.8000000000 7.2790418387
9.8000000000 3.7371959031
9.8000000000 0.1901472581
9.8000000000 -3.5706392786
9.8000000000 -6.5752899584
9.9000000000 7.2644482995
9.9000000000 3.7340512807
9.9000000000 0.1884664802
9.9000000000 -3.5714456870
9.9000000000 -6.5739164159
10.0000000000 7.2508809138
10.0000000000 3.7310438676
10.0000000000 0.1868139386
10.0000000000 -3.5722305149
10.0000000000 -6.5728030980
