40.000000000000000 0.000139261207685
40.500000000000000 0.000131272470073
41.000000000000000 0.000123630060339
41.500000000000000 0.000116427239903
42.000000000000000 0.000109746510795
42.500000000000000 0.000103656272361
43.000000000000000 0.000098208161110
43.500000000000000 0.000093435148527
44.000000000000000 0.000089350441182
44.500000000000000 0.000085947196541
45.000000000000000 0.000083199037308
45.500000000000000 0.000081061317940
46.000000000000000 0.000079473070424
46.500000000000000 0.000078359533233
47.000000000000000 0.000077635148477
47.500000000000000 0.000077206898149
48.000000000000000 0.000076977841490
48.500000000000000 0.000076850712026
49.000000000000000 0.000076731434747
49.500000000000000 0.000076532430995
50.000000000000000 0.000076175590539
