40.000000000000000 0.000132687494762
40.500000000000000 0.000127764933902
41.000000000000000 0.000123204064530
41.500000000000000 0.000118978670275
42.000000000000000 0.000115059814080
42.500000000000000 0.000111416450417
43.000000000000000 0.000108016141842
43.500000000000000 0.000104825846594
44.000000000000000 0.000101812742383
44.500000000000000 0.000098945051462
45.000000000000000 0.000096192833103
45.500000000000000 0.000093528711973
46.000000000000000 0.000090928514309
46.500000000000000 0.000088371788139
47.000000000000000 0.000085842188966
47.500000000000000 0.000083327717978
48.000000000000000 0.000080820805935
48.500000000000000 0.000078318241954
49.000000000000000 0.000075820952482
49.500000000000000 0.000073333641382
50.000000000000000 0.000070864307178
