30.000000000000000 0.000514349429120
30.500000000000000 0.000484190710499
31.000000000000000 0.000456320153725
31.500000000000000 0.000430526435791
32.000000000000000 0.000406621102131
32.500000000000000 0.000384435741248
33.000000000000000 0.000363819550456
33.500000000000000 0.000344637232941
34.000000000000000 0.000326767176303
34.500000000000000 0.000310099870958
35.000000000000000 0.000294536533493
35.500000000000000 0.000279987905616
36.000000000000000 0.000266373203950
36.500000000000000 0.000253619199713
37.000000000000000 0.000241659410545
37.500000000000000 0.000230433389343
38.000000000000000 0.000219886097245
38.500000000000000 0.000209967529825
39.000000000000000 0.000200631500037
39.500000000000000 0.000191836303923
40.000000000000000 0.000183543594231
40.500000000000000 0.000175718223862
41.000000000000000 0.000168327939856
41.500000000000000 0.000161343110272
42.000000000000000 0.000154736479975
42.500000000000000 0.000148482952308
43.000000000000000 0.000142559392589
43.500000000000000 0.000136944452656
44.000000000000000 0.000131618412380
44.500000000000000 0.000126563037258
45.000000000000000 0.000121761449980
45.500000000000000 0.000117198014486
46.000000000000000 0.000112858231171
46.500000000000000 0.000108728642048
47.000000000000000 0.000104796744822
47.500000000000000 0.000101050914943
48.000000000000000 0.000097480334818
48.500000000000000 0.000094074929454
49.000000000000000 0.000090825307879
49.500000000000000 0.000087722709774
50.000000000000000 0.000084758956790
