30.0000000000 0.3354661005
30.0000000000 4.5685997216
30.0000000000 1.3397178378
30.5000000000 0.3338133278
30.5000000000 4.5693621122
30.5000000000 1.3372149507
31.0000000000 0.3322157120
31.0000000000 4.5700943169
31.0000000000 1.3347991940
31.5000000000 0.3306705310
31.5000000000 4.5707980924
31.5000000000 1.3324660764
32.0000000000 0.3291752396
32.0000000000 4.5714750617
32.0000000000 1.3302114109
32.5000000000 0.3277274547
32.5000000000 4.5721267266
32.5000000000 1.3280312903
33.0000000000 0.3263249431
33.0000000000 4.5727544791
33.0000000000 1.3259220633
33.5000000000 0.3249656097
33.5000000000 4.5733596106
33.5000000000 1.3238803142
34.0000000000 0.3236474868
34.0000000000 4.5739433215
34.0000000000 1.3219028441
34.5000000000 0.3223687249
34.5000000000 4.5745067288
34.5000000000 1.3199866539
35.0000000000 0.3211275836
35.0000000000 4.5750508730
35.0000000000 1.3181289287
35.5000000000 0.3199224239
35.5000000000 4.5755767249
35.5000000000 1.3163270241
36.0000000000 0.3187517008
36.0000000000 4.5760851912
36.0000000000 1.3145784534
36.5000000000 0.3176139564
36.5000000000 4.5765771196
36.5000000000 1.3128808757
37.0000000000 0.3165078145
37.0000000000 4.5770533036
37.0000000000 1.3112320858
37.5000000000 0.3154319743
37.5000000000 4.5775144868
37.5000000000 1.3096300039
38.0000000000 0.3143852055
38.0000000000 4.5779613667
38.0000000000 1.3080726673
38.5000000000 0.3133663438
38.5000000000 4.5783945982
38.5000000000 1.3065551289
39.0000000000 0.3123742861
39.0000000000 4.5788147970
39.0000000000 1.3050818296
39.5000000000 0.3114079870
39.5000000000 4.5792225420
39.5000000000 1.3036480115
40.0000000000 0.3104664547
40.0000000000 4.5796183788
40.0000000000 1.3022521045
40.5000000000 0.3095487477
40.5000000000 4.5800028212
40.5000000000 1.3008926210
41.0000000000 0.3086539719
41.0000000000 4.5803763540
41.0000000000 1.2995681501
41.5000000000 0.3077812772
41.5000000000 4.5807394349
41.5000000000 1.2982773534
42.0000000000 0.3069298553
42.0000000000 4.5810924965
42.0000000000 1.2970189596
42.5000000000 0.3060989366
42.5000000000 4.5814359476
42.5000000000 1.2957917610
43.0000000000 0.3052877886
43.0000000000 4.5817701752
43.0000000000 1.2945946093
43.5000000000 0.3044957130
43.5000000000 4.5820955459
43.5000000000 1.2934264119
44.0000000000 0.3037220443
44.0000000000 4.5824124069
44.0000000000 1.2922861288
44.5000000000 0.3029661474
44.5000000000 4.5827210877
44.5000000000 1.2911727691
45.0000000000 0.3022274163
45.0000000000 4.5830219009
45.0000000000 1.2900853886
45.5000000000 0.3015052722
45.5000000000 4.5833151434
45.5000000000 1.2890230866
46.0000000000 0.3007991620
46.0000000000 4.5836010974
46.0000000000 1.2879850038
46.5000000000 0.3001085572
46.5000000000 4.5838800313
46.5000000000 1.2869703197
47.0000000000 0.2994329519
47.0000000000 4.5841522002
47.0000000000 1.2859782505
47.5000000000 0.2987718624
47.5000000000 4.5844178474
47.5000000000 1.2850080473
48.0000000000 0.2981248252
48.0000000000 4.5846772043
48.0000000000 1.2840589936
48.5000000000 0.2974913967
48.5000000000 4.5849304917
48.5000000000 1.2831304042
49.0000000000 0.2968711515
49.0000000000 4.5851779202
49.0000000000 1.2822216231
49.5000000000 0.2962636821
49.5000000000 4.5854196906
49.5000000000 1.2813320222
50.0000000000 0.2956685972
50.0000000000 4.5856559948
50.0000000000 1.2804609996
