0.000000 0.000000
0.500000 0.000000
1.000000 0.000000
1.500000 0.027927
2.000000 0.004922
2.500000 0.002355
3.000000 0.001361
3.500000 0.001017
4.000000 0.000962
4.500000 0.000993
5.000000 0.001012
5.500000 0.000985
6.000000 0.000913
6.500000 0.000814
7.000000 0.000710
7.500000 0.000615
8.000000 0.000533
8.500000 0.000465
9.000000 0.000410
9.500000 0.000363
10.000000 0.000324
10.500000 0.000290
11.000000 0.000261
11.500000 0.000236
12.000000 0.000213
12.500000 0.000194
13.000000 0.000177
13.500000 0.000161
14.000000 0.000148
14.500000 0.000136
15.000000 0.000125
15.500000 0.000115
16.000000 0.000106
16.500000 0.000098
17.000000 0.000091
17.500000 0.000085
18.000000 0.000079
18.500000 0.000074
19.000000 0.000069
19.500000 0.000064
20.000000 0.000060
20.500000 0.000057
21.000000 0.000053
21.500000 0.000050
22.000000 0.000047
22.500000 0.000044
23.000000 0.000042
23.500000 0.000040
24.000000 0.000037
24.500000 0.000035
25.000000 0.000034
25.500000 0.000032
26.000000 0.000030
26.500000 0.000029
27.000000 0.000027
27.500000 0.000026
28.000000 0.000025
28.500000 0.000024
29.000000 0.000023
29.500000 0.000021
