0.000000000000000 0.219691650244792
0.500000000000000 2.609041782412566
1.000000000000000 4.011939937496516
1.500000000000000 2.578920047769947
2.000000000000000 1.167234807786147
2.500000000000000 0.371684311155430
3.000000000000000 0.146705984467557
3.500000000000000 0.080622115263765
4.000000000000000 1.226648867767697
4.500000000000000 1.443668930926103
5.000000000000000 0.698576178002006
5.500000000000000 0.370433249938681
6.000000000000000 0.242424162070493
6.500000000000000 0.168185124904173
7.000000000000000 0.121974916606897
7.500000000000000 0.091804650479380
8.000000000000000 0.071234878747641
8.500000000000000 0.056658512972482
9.000000000000000 0.045979060710432
9.500000000000000 0.037931024240079
10.000000000000000 0.031721841190036
10.500000000000000 0.026837094943778
11.000000000000000 0.022931325433666
11.500000000000000 0.019765091617344
12.000000000000000 0.017167753705469
12.500000000000000 0.015014804752189
13.000000000000000 0.013213600079412
13.500000000000000 0.011694062398661
14.000000000000000 0.010402432937722
14.500000000000000 0.009296957940756
15.000000000000000 0.008344843041612
15.500000000000000 0.007520067522330
16.000000000000000 0.006801791168345
16.500000000000000 0.006173178486431
17.000000000000000 0.005620520615000
17.500000000000000 0.005132572307164
18.000000000000000 0.004700046123818
18.500000000000000 0.004315222826842
19.000000000000000 0.003971648573478
19.500000000000000 0.003663897600354
20.000000000000000 0.003387384780764
20.500000000000000 0.003138216494354
21.000000000000000 0.002913071168015
21.500000000000000 0.002709102970968
22.000000000000000 0.002523863707680
22.500000000000000 0.002355239109448
23.000000000000000 0.002201396590973
23.500000000000000 0.002060742190702
24.000000000000000 0.001931884909372
24.500000000000000 0.001813607040431
25.000000000000000 0.001704839378124
25.500000000000000 0.001604640415508
26.000000000000000 0.001512178821323
26.500000000000000 0.001426718623259
27.000000000000000 0.001347606634478
27.500000000000000 0.001274261747017
28.000000000000000 0.001206165784791
28.500000000000000 0.001142855664304
29.000000000000000 0.001083916655733
29.500000000000000 0.001028976573043
30.000000000000000 0.000977700751045
30.500000000000000 0.000929787691099
31.000000000000000 0.000884965276668
31.500000000000000 0.000842987475945
32.000000000000000 0.000803631461924
32.500000000000000 0.000766695091248
33.000000000000000 0.000731994692164
33.500000000000000 0.000699363119503
34.000000000000000 0.000668648040860
34.500000000000000 0.000639710423427
35.000000000000000 0.000612423195384
35.500000000000000 0.000586670059445
36.000000000000000 0.000562344439348
36.500000000000000 0.000539348542704
37.000000000000000 0.000517592525936
37.500000000000000 0.000496993748917
38.000000000000000 0.000477476108602
38.500000000000000 0.000458969442335
39.000000000000000 0.000441408992725
39.500000000000000 0.000424734927020
40.000000000000000 0.000408891904804
40.500000000000000 0.000393828688612
41.000000000000000 0.000379497792710
41.500000000000000 0.000365855165884
42.000000000000000 0.000352859904572
42.500000000000000 0.000340473993095
43.000000000000000 0.000328662068154
43.500000000000000 0.000317391205049
44.000000000000000 0.000306630723406
44.500000000000000 0.000296352010416
45.000000000000000 0.000286528359831
45.500000000000000 0.000277134825153
46.000000000000000 0.000268148085626
46.500000000000000 0.000259546323775
47.000000000000000 0.000251309113393
47.500000000000000 0.000243417316982
48.000000000000000 0.000235852991750
48.500000000000000 0.000228599303382
49.000000000000000 0.000221640446849
49.500000000000000 0.000214961573642
50.000000000000000 0.000208548724815
