0.0000000000 -3.4156117390
0.0000000000 -5.3836710116
0.5000000000 -0.6259528680
0.5000000000 -1.6915831645
0.5000000000 -3.7198359625
0.5000000000 -5.1565779572
1.0000000000 -0.1241496691
1.0000000000 -2.1165095154
1.5000000000 0.1477124565
1.5000000000 -2.3839496399
2.0000000000 0.2635744821
2.0000000000 -2.5701617025
2.5000000000 0.2660654967
2.5000000000 -2.6905552994
3.0000000000 0.2015252364
3.0000000000 -2.7545705570
3.5000000000 0.1070764360
3.5000000000 -2.7745833290
4.0000000000 0.0071739060
4.0000000000 -2.7659921995
4.0000000000 2.1503723854
4.0000000000 1.6289968457
4.5000000000 -0.0836821965
4.5000000000 -2.7441246070
4.5000000000 2.5758997445
4.5000000000 1.2599050398
5.0000000000 -0.1581797136
5.0000000000 -2.7209180393
5.0000000000 2.7548320252
5.0000000000 1.0890662916
5.5000000000 -0.2143450236
5.5000000000 -2.7034173558
5.5000000000 2.8315475625
5.5000000000 0.9859092581
6.0000000000 -0.2538306285
6.0000000000 -2.6939585523
6.0000000000 2.8516952300
6.0000000000 0.9215085487
6.5000000000 -0.2808526601
6.5000000000 -2.6915965308
6.5000000000 2.8433176591
6.5000000000 0.8808872365
7.0000000000 -0.2992938134
7.0000000000 -2.6938949127
7.0000000000 2.8237593019
7.0000000000 0.8543094299
7.5000000000 -0.3128548986
7.5000000000 -2.6983616359
7.5000000000 2.8026628492
7.5000000000 0.8353662673
8.0000000000 -0.3239434096
8.0000000000 -2.7032059486
8.0000000000 2.7844445868
8.0000000000 0.8202044208
8.5000000000 -0.3338639457
8.5000000000 -2.7074921742
8.5000000000 2.7703431840
8.5000000000 0.8068508404
9.0000000000 -0.3431443473
9.0000000000 -2.7109459648
9.0000000000 2.7599794823
9.0000000000 0.7945233014
9.5000000000 -0.3518942705
9.5000000000 -2.7136603223
9.5000000000 2.7524041344
9.5000000000 0.7830434957
10.0000000000 -0.3600710361
10.0000000000 -2.7158526422
10.0000000000 2.7466805010
10.0000000000 0.7724423860
10.5000000000 -0.3676245176
10.5000000000 -2.7177242876
10.5000000000 2.7421131901
10.5000000000 0.7627589902
11.0000000000 -0.3745478918
11.0000000000 -2.7194100096
11.0000000000 2.7382704040
11.0000000000 0.7539757555
11.5000000000 -0.3808764582
11.5000000000 -2.7209805445
11.5000000000 2.7349163701
11.5000000000 0.7460236913
12.0000000000 -0.3866686953
12.0000000000 -2.7224647422
12.0000000000 2.7319314949
12.0000000000 0.7388086952
12.5000000000 -0.3919884513
12.5000000000 -2.7238711741
12.5000000000 2.7292528845
12.5000000000 0.7322344805
13.0000000000 -0.3968945127
13.0000000000 -2.7252019490
13.0000000000 2.7268405219
13.0000000000 0.7262150606
13.5000000000 -0.4014368778
13.5000000000 -2.7264590056
13.5000000000 2.7246623494
13.5000000000 0.7206781690
14.0000000000 -0.4056569167
14.0000000000 -2.7276457537
14.0000000000 2.7226896305
14.0000000000 0.7155660078
14.5000000000 -0.4095889728
14.5000000000 -2.7287667375
14.5000000000 2.7208963981
14.5000000000 0.7108289940
15.0000000000 -0.4132620448
15.0000000000 -2.7298268911
15.0000000000 2.7192598002
15.0000000000 0.7064269281
15.5000000000 -0.4167010693
15.5000000000 -2.7308310002
15.5000000000 2.7177602208
15.5000000000 0.7023252450
16.0000000000 -0.4199277844
16.0000000000 -2.7317834562
16.0000000000 2.7163810446
16.0000000000 0.6984941005
16.5000000000 -0.4229613035
16.5000000000 -2.7326882039
16.5000000000 2.7151082348
16.5000000000 0.6949074992
17.0000000000 -0.4258185197
17.0000000000 -2.7335487747
17.0000000000 2.7139298846
17.0000000000 0.6915426690
17.5000000000 -0.4285144181
17.5000000000 -2.7343683430
17.5000000000 2.7128358251
17.5000000000 0.6883795763
18.0000000000 -0.4310623334
18.0000000000 -2.7351497775
18.0000000000 2.7118173096
18.0000000000 0.6854005320
18.5000000000 -0.4334741673
18.5000000000 -2.7358956818
18.5000000000 2.7108667670
18.5000000000 0.6825898615
19.0000000000 -0.4357605748
19.0000000000 -2.7366084269
19.0000000000 2.7099776071
19.0000000000 0.6799336270
19.5000000000 -0.4379311237
19.5000000000 -2.7372901771
19.5000000000 2.7091440656
19.5000000000 0.6774193934
20.0000000000 -0.4399944294
20.0000000000 -2.7379429126
20.0000000000 2.7083610785
20.0000000000 0.6750360302
20.5000000000 -0.4419582713
20.5000000000 -2.7385684482
20.5000000000 2.7076241787
20.5000000000 0.6727735446
21.0000000000 -0.4438296921
21.0000000000 -2.7391684506
21.0000000000 2.7069294107
21.0000000000 0.6706229392
21.5000000000 -0.4456150832
21.5000000000 -2.7397444528
21.5000000000 2.7062732593
21.5000000000 0.6685760903
22.0000000000 -0.4473202584
22.0000000000 -2.7402978675
22.0000000000 2.7056525901
22.0000000000 0.6666256447
22.5000000000 -0.4489505179
22.5000000000 -2.7408299985
22.5000000000 2.7050645990
22.5000000000 0.6647649296
23.0000000000 -0.4505107041
23.0000000000 -2.7413420512
23.0000000000 2.7045067701
23.0000000000 0.6629878759
23.5000000000 -0.4520052498
23.5000000000 -2.7418351417
23.5000000000 2.7039768393
23.5000000000 0.6612889510
24.0000000000 -0.4534382209
24.0000000000 -2.7423103045
24.0000000000 2.7034727639
24.0000000000 0.6596631009
24.5000000000 -0.4548133536
24.5000000000 -2.7427685005
24.5000000000 2.7029926957
24.5000000000 0.6581056993
25.0000000000 -0.4561340872
25.0000000000 -2.7432106230
25.0000000000 2.7025349589
25.0000000000 0.6566125031
25.5000000000 -0.4574035932
25.5000000000 -2.7436375035
25.5000000000 2.7020980299
25.5000000000 0.6551796136
26.0000000000 -0.4586248007
26.0000000000 -2.7440499173
26.0000000000 2.7016805210
26.0000000000 0.6538034422
26.5000000000 -0.4598004194
26.5000000000 -2.7444485879
26.5000000000 2.7012811650
26.5000000000 0.6524806800
27.0000000000 -0.4609329595
27.0000000000 -2.7448341912
27.0000000000 2.7008988027
27.0000000000 0.6512082710
27.5000000000 -0.4620247501
27.5000000000 -2.7452073597
27.5000000000 2.7005323718
27.5000000000 0.6499833884
28.0000000000 -0.4630779551
28.0000000000 -2.7455686854
28.0000000000 2.7001808963
28.0000000000 0.6488034137
28.5000000000 -0.4640945875
28.5000000000 -2.7459187237
28.5000000000 2.6998434789
28.5000000000 0.6476659173
29.0000000000 -0.4650765227
29.0000000000 -2.7462579955
29.0000000000 2.6995192922
29.0000000000 0.6465686422
29.5000000000 -0.4660255096
29.5000000000 -2.7465869901
29.5000000000 2.6992075729
29.5000000000 0.6455094889
30.0000000000 -0.4669431814
30.0000000000 -2.7469061678
30.0000000000 2.6989076151
30.0000000000 0.6444865014
30.5000000000 -0.4678310651
30.5000000000 -2.7472159616
30.5000000000 2.6986187653
30.5000000000 0.6434978558
31.0000000000 -0.4686905897
31.0000000000 -2.7475167796
31.0000000000 2.6983404175
31.0000000000 0.6425418488
31.5000000000 -0.4695230943
31.5000000000 -2.7478090063
31.5000000000 2.6980720090
31.5000000000 0.6416168882
32.0000000000 -0.4703298348
32.0000000000 -2.7480930048
32.0000000000 2.6978130167
32.0000000000 0.6407214837
32.5000000000 -0.4711119904
32.5000000000 -2.7483691179
32.5000000000 2.6975629535
32.5000000000 0.6398542390
33.0000000000 -0.4718706692
33.0000000000 -2.7486376695
33.0000000000 2.6973213653
33.0000000000 0.6390138447
33.5000000000 -0.4726069139
33.5000000000 -2.7488989663
33.5000000000 2.6970878283
33.5000000000 0.6381990713
34.0000000000 -0.4733217060
34.0000000000 -2.7491532983
34.0000000000 2.6968619467
34.0000000000 0.6374087632
34.5000000000 -0.4740159707
34.5000000000 -2.7494009404
34.5000000000 2.6966433499
34.5000000000 0.6366418337
35.0000000000 -0.4746905806
35.0000000000 -2.7496421532
35.0000000000 2.6964316911
35.0000000000 0.6358972592
35.5000000000 -0.4753463595
35.5000000000 -2.7498771840
35.5000000000 2.6962266450
35.5000000000 0.6351740754
36.0000000000 -0.4759840858
36.0000000000 -2.7501062675
36.0000000000 2.6960279065
36.0000000000 0.6344713724
36.5000000000 -0.4766044955
36.5000000000 -2.7503296266
36.5000000000 2.6958351889
36.5000000000 0.6337882915
37.0000000000 -0.4772082851
37.0000000000 -2.7505474734
37.0000000000 2.6956482226
37.0000000000 0.6331240214
37.5000000000 -0.4777961142
37.5000000000 -2.7507600094
37.5000000000 2.6954667539
37.5000000000 0.6324777947
38.0000000000 -0.4783686080
38.0000000000 -2.7509674265
38.0000000000 2.6952905438
38.0000000000 0.6318488854
38.5000000000 -0.4789263592
38.5000000000 -2.7511699076
38.5000000000 2.6951193669
38.5000000000 0.6312366061
39.0000000000 -0.4794699307
39.0000000000 -2.7513676268
39.0000000000 2.6949530106
39.0000000000 0.6306403051
39.5000000000 -0.4799998568
39.5000000000 -2.7515607501
39.5000000000 2.6947912740
39.5000000000 0.6300593644
40.0000000000 -0.4805166453
40.0000000000 -2.7517494360
40.0000000000 2.6946339673
40.0000000000 0.6294931976
40.5000000000 -0.4810207792
40.5000000000 -2.7519338358
40.5000000000 2.6944809110
40.5000000000 0.6289412477
41.0000000000 -0.4815127179
41.0000000000 -2.7521140938
41.0000000000 2.6943319350
41.0000000000 0.6284029854
41.5000000000 -0.4819928991
41.5000000000 -2.7522903482
41.5000000000 2.6941868783
41.5000000000 0.6278779073
42.0000000000 -0.4824617396
42.0000000000 -2.7524627307
42.0000000000 2.6940455883
42.0000000000 0.6273655347
42.5000000000 -0.4829196367
42.5000000000 -2.7526313677
42.5000000000 2.6939079200
42.5000000000 0.6268654114
43.0000000000 -0.4833669693
43.0000000000 -2.7527963800
43.0000000000 2.6937737360
43.0000000000 0.6263771030
43.5000000000 -0.4838040993
43.5000000000 -2.7529578831
43.5000000000 2.6936429056
43.5000000000 0.6259001955
44.0000000000 -0.4842313718
44.0000000000 -2.7531159879
44.0000000000 2.6935153047
44.0000000000 0.6254342940
44.5000000000 -0.4846491170
44.5000000000 -2.7532708006
44.5000000000 2.6933908150
44.5000000000 0.6249790214
45.0000000000 -0.4850576499
45.0000000000 -2.7534224228
45.0000000000 2.6932693242
45.0000000000 0.6245340179
45.5000000000 -0.4854572724
45.5000000000 -2.7535709523
45.5000000000 2.6931507252
45.5000000000 0.6240989398
46.0000000000 -0.4858482729
46.0000000000 -2.7537164827
46.0000000000 2.6930349160
46.0000000000 0.6236734584
46.5000000000 -0.4862309276
46.5000000000 -2.7538591040
46.5000000000 2.6929217991
46.5000000000 0.6232572594
47.0000000000 -0.4866055011
47.0000000000 -2.7539989026
47.0000000000 2.6928112819
47.0000000000 0.6228500423
47.5000000000 -0.4869722468
47.5000000000 -2.7541359614
47.5000000000 2.6927032757
47.5000000000 0.6224515190
48.0000000000 -0.4873314077
48.0000000000 -2.7542703603
48.0000000000 2.6925976959
48.0000000000 0.6220614141
48.5000000000 -0.4876832168
48.5000000000 -2.7544021758
48.5000000000 2.6924944616
48.5000000000 0.6216794634
49.0000000000 -0.4880278977
49.0000000000 -2.7545314819
49.0000000000 2.6923934954
49.0000000000 0.6213054137
49.5000000000 -0.4883656649
49.5000000000 -2.7546583495
49.5000000000 2.6922947236
49.5000000000 0.6209390223
50.0000000000 -0.4886967246
50.0000000000 -2.7547828469
50.0000000000 2.6921980752
50.0000000000 0.6205800561
