0.000000000000000 2.944914199291838
0.500000000000000 6.133958102274291
1.000000000000000 1.382709972383294
1.500000000000000 0.674825052071208
2.000000000000000 0.503702006005526
2.500000000000000 0.140614726707931
3.000000000000000 0.188471423347884
3.500000000000000 0.089785016549947
4.000000000000000 0.150476572971780
4.500000000000000 0.046876882242026
5.000000000000000 0.208605491393215
5.500000000000000 0.175179218156569
6.000000000000000 0.044392410969207
6.500000000000000 0.214076221078135
7.000000000000000 0.166795710584632
7.500000000000000 0.134653466272003
8.000000000000000 0.112615420530178
8.500000000000000 0.099235446078359
9.000000000000000 0.096049789524003
9.500000000000000 0.117758485306865
10.000000000000000 0.816759598167074
10.500000000000000 0.076229018848498
11.000000000000000 0.045012288115864
11.500000000000000 0.031961398248645
12.000000000000000 0.024395251249287
12.500000000000000 0.019365377503949
13.000000000000000 0.015766258870656
13.500000000000000 0.013070703146104
14.000000000000000 0.010987901733805
14.500000000000000 0.009341853127986
15.000000000000000 0.008016542082766
15.500000000000000 0.006935168493912
16.000000000000000 0.006042019261477
16.500000000000000 0.005296843386565
17.000000000000000 0.004669646045317
17.500000000000000 0.004137646342325
18.000000000000000 0.003683264163027
18.500000000000000 0.003292746712946
19.000000000000000 0.002955207280982
19.500000000000000 0.002661937827370
20.000000000000000 0.002405908214253
20.500000000000000 0.002181395502988
21.000000000000000 0.001983705649119
21.500000000000000 0.001808961947734
22.000000000000000 0.001653942421578
22.500000000000000 0.001515953571836
23.000000000000000 0.001392731466617
23.500000000000000 0.001282363602881
24.000000000000000 0.001183226707705
24.500000000000000 0.001093936878698
25.000000000000000 0.001013309354744
25.500000000000000 0.000940325859695
26.000000000000000 0.000874107942899
26.500000000000000 0.000813895099458
27.000000000000000 0.000759026723329
27.500000000000000 0.000708927151551
28.000000000000000 0.000663093214798
28.500000000000000 0.000621083830402
29.000000000000000 0.000582511267792
29.500000000000000 0.000547033789593
30.000000000000000 0.000514349429120
