0.000000 0.000000
0.500000 0.000000
1.000000 0.119133
1.500000 0.040361
2.000000 0.019847
2.500000 0.009856
3.000000 0.005413
3.500000 0.003502
4.000000 0.002624
4.500000 0.002145
5.000000 0.001817
5.500000 0.001551
6.000000 0.001320
6.500000 0.001119
7.000000 0.000949
7.500000 0.000809
8.000000 0.000694
8.500000 0.000600
9.000000 0.000523
9.500000 0.000459
10.000000 0.000405
10.500000 0.000360
11.000000 0.000321
11.500000 0.000287
12.000000 0.000259
12.500000 0.000233
13.000000 0.000211
13.500000 0.000192
14.000000 0.000175
14.500000 0.000160
15.000000 0.000146
15.500000 0.000134
16.000000 0.000124
16.500000 0.000114
17.000000 0.000106
17.500000 0.000098
18.000000 0.000091
18.500000 0.000084
19.000000 0.000079
19.500000 0.000073
20.000000 0.000069
20.500000 0.000064
21.000000 0.000060
21.500000 0.000056
22.000000 0.000053
22.500000 0.000050
23.000000 0.000047
23.500000 0.000044
24.000000 0.000042
24.500000 0.000040
25.000000 0.000037
25.500000 0.000036
26.000000 0.000034
26.500000 0.000032
27.000000 0.000030
27.500000 0.000029
28.000000 0.000027
28.500000 0.000026
29.000000 0.000025
29.500000 0.000024
30.000000 0.000023
30.500000 0.000022
31.000000 0.000021
31.500000 0.000020
32.000000 0.000019
32.500000 0.000018
33.000000 0.000017
33.500000 0.000017
34.000000 0.000016
34.500000 0.000015
35.000000 0.000015
35.500000 0.000014
36.000000 0.000014
36.500000 0.000013
37.000000 0.000013
