0.000000 0.006141
0.500000 0.015502
1.000000 0.044127
1.500000 0.075176
2.000000 0.085728
2.500000 0.075875
3.000000 0.059381
3.500000 0.045813
4.000000 0.038052
4.500000 0.034015
5.000000 0.030519
5.500000 0.026324
6.000000 0.021795
6.500000 0.017622
7.000000 0.014186
7.500000 0.011507
8.000000 0.009424
8.500000 0.007764
9.000000 0.006406
9.500000 0.005282
10.000000 0.004351
10.500000 0.003587
11.000000 0.002970
11.500000 0.002483
12.000000 0.002110
12.500000 0.001835
13.000000 0.001643
13.500000 0.001518
14.000000 0.001446
14.500000 0.001411
15.000000 0.001401
15.500000 0.001404
16.000000 0.001408
16.500000 0.001407
17.000000 0.001394
17.500000 0.001364
18.000000 0.001315
18.500000 0.001247
19.000000 0.001161
19.500000 0.001060
20.000000 0.000948
20.500000 0.000828
21.000000 0.000707
21.500000 0.000588
22.000000 0.000477
22.500000 0.000377
23.000000 0.000292
23.500000 0.000225
24.000000 0.000176
24.500000 0.000146
25.000000 0.000134
25.500000 0.000139
26.000000 0.000158
26.500000 0.000188
27.000000 0.000225
27.500000 0.000267
28.000000 0.000308
28.500000 0.000347
29.000000 0.000379
29.500000 0.000403
30.000000 0.000417
30.500000 0.000419
31.000000 0.000410
31.500000 0.000391
32.000000 0.000362
32.500000 0.000324
33.000000 0.000282
33.500000 0.000235
34.000000 0.000189
34.500000 0.000143
35.000000 0.000102
35.500000 0.000068
36.000000 0.000040
36.500000 0.000022
37.000000 0.000012
