0.000000000000000 1.943933772958081
0.500000000000000 3.448619751993901
1.000000000000000 14.610415146659387
1.500000000000000 1.971137960539456
2.000000000000000 1.217125896820332
2.500000000000000 0.725802128765327
3.000000000000000 2.815378568641125
3.500000000000000 0.127507594536155
4.000000000000000 0.032918831631353
4.500000000000000 0.014508341299220
5.000000000000000 0.485186599317413
5.500000000000000 0.507569549019829
6.000000000000000 0.643124515043562
6.500000000000000 0.203166035146972
7.000000000000000 0.125540626988963
7.500000000000000 0.084919793441087
8.000000000000000 0.060235746361591
8.500000000000000 0.044295613923365
9.000000000000000 0.033547574535258
9.500000000000000 0.026034399415039
10.000000000000000 0.020619313091689
10.500000000000000 0.016614196511485
11.000000000000000 0.013586390380540
11.500000000000000 0.011254224189539
12.000000000000000 0.009428561034948
12.500000000000000 0.007978941260697
13.000000000000000 0.006813279964505
13.500000000000000 0.005865276396611
14.000000000000000 0.005086363701391
14.500000000000000 0.004440405356381
15.000000000000000 0.003900152415528
15.500000000000000 0.003444789633814
16.000000000000000 0.003058233746521
16.500000000000000 0.002727925246969
17.000000000000000 0.002443959944288
17.500000000000000 0.002198456608102
18.000000000000000 0.001985090942777
18.500000000000000 0.001798748272895
19.000000000000000 0.001635261988661
19.500000000000000 0.001491214653902
20.000000000000000 0.001363785658073
20.500000000000000 0.001250631996251
21.000000000000000 0.001149797869990
21.500000000000000 0.001059641092714
22.000000000000000 0.000978776100135
22.500000000000000 0.000906028299827
23.000000000000000 0.000840397472959
23.500000000000000 0.000781028258373
24.000000000000000 0.000727186213981
24.500000000000000 0.000678238297420
25.000000000000000 0.000633636868929
25.500000000000000 0.000592906517199
26.000000000000000 0.000555633159800
26.500000000000000 0.000521454985614
27.000000000000000 0.000490054896230
27.500000000000000 0.000461154172751
28.000000000000000 0.000434507148868
28.500000000000000 0.000409896713715
29.000000000000000 0.000387130501786
29.500000000000000 0.000366037653939
30.000000000000000 0.000346466054899
30.500000000000000 0.000328279969720
31.000000000000000 0.000311358015497
31.500000000000000 0.000295591415698
32.000000000000000 0.000280882493513
32.500000000000000 0.000267143367992
33.000000000000000 0.000254294822719
33.500000000000000 0.000242265321732
34.000000000000000 0.000230990151439
34.500000000000000 0.000220410670635
35.000000000000000 0.000210473653523
35.500000000000000 0.000201130712937
36.000000000000000 0.000192337792896
36.500000000000000 0.000184054721238
37.000000000000000 0.000176244814445
37.500000000000000 0.000168874527874
38.000000000000000 0.000161913145616
38.500000000000000 0.000155332504982
39.000000000000000 0.000149106751326
39.500000000000000 0.000143212119485
40.000000000000000 0.000137626738617
40.500000000000000 0.000132330457670
41.000000000000000 0.000127304689032
41.500000000000000 0.000122532268267
42.000000000000000 0.000117997328099
42.500000000000000 0.000113685185014
43.000000000000000 0.000109582237100
43.500000000000000 0.000105675871856
44.000000000000000 0.000101954382912
44.500000000000000 0.000098406894680
45.000000000000000 0.000095023294110
45.500000000000000 0.000091794168791
46.000000000000000 0.000088710750752
46.500000000000000 0.000085764865368
47.000000000000000 0.000082948884859
47.500000000000000 0.000080255685919
48.000000000000000 0.000077678611072
48.500000000000000 0.000075211433376
49.000000000000000 0.000072848324170
49.500000000000000 0.000070583823553
50.000000000000000 0.000068412813349
50.500000000000000 0.000066330492320
51.000000000000000 0.000064332353422
51.500000000000000 0.000062414162902
52.000000000000000 0.000060571941097
52.500000000000000 0.000058801944748
53.000000000000000 0.000057100650722
53.500000000000000 0.000055464741000
54.000000000000000 0.000053891088832
54.500000000000000 0.000052376745949
55.000000000000000 0.000050918930749
55.500000000000000 0.000049515016349
56.000000000000000 0.000048162524569
56.500000000000000 0.000046859110380
57.000000000000000 0.000045602557371
57.500000000000000 0.000044390768648
58.000000000000000 0.000043221759355
58.500000000000000 0.000042093649734
59.000000000000000 0.000041004658661
59.500000000000000 0.000039953097646
60.000000000000000 0.000038937365239
60.500000000000000 0.000037955941824
61.000000000000000 0.000037007384764
61.500000000000000 0.000036090323880
62.000000000000000 0.000035203457220
62.500000000000000 0.000034345547121
63.000000000000000 0.000033515416523
63.500000000000000 0.000032711945521
64.000000000000000 0.000031934068147
64.500000000000000 0.000031180769353
65.000000000000000 0.000030451082185
65.500000000000000 0.000029744085143
66.000000000000000 0.000029058899691
66.500000000000000 0.000028394687939
67.000000000000000 0.000027750650457
67.500000000000000 0.000027126024223
68.000000000000000 0.000026520080701
68.500000000000000 0.000025932124027
69.000000000000000 0.000025361489311
69.500000000000000 0.000024807541034
70.000000000000000 0.000024269671540
