-20.000000 0.026705
-19.900000 0.026772
-19.800000 0.026839
-19.700000 0.026906
-19.600000 0.026974
-19.500000 0.027043
-19.400000 0.027111
-19.300000 0.027180
-19.200000 0.027250
-19.100000 0.027319
-19.000000 0.027389
-18.900000 0.027460
-18.800000 0.027531
-18.700000 0.027602
-18.600000 0.027673
-18.500000 0.027745
-18.400000 0.027817
-18.300000 0.027890
-18.200000 0.027963
-18.100000 0.028036
-18.000000 0.028110
-17.900000 0.028184
-17.800000 0.028259
-17.700000 0.028334
-17.600000 0.028409
-17.500000 0.028485
-17.400000 0.028561
-17.300000 0.028638
-17.200000 0.028715
-17.100000 0.028792
-17.000000 0.028870
-16.900000 0.028948
-16.800000 0.029027
-16.700000 0.029106
-16.600000 0.029186
-16.500000 0.029266
-16.400000 0.029346
-16.300000 0.029427
-16.200000 0.029508
-16.100000 0.029590
-16.000000 0.029673
-15.900000 0.029756
-15.800000 0.029839
-15.700000 0.029923
-15.600000 0.030008
-15.500000 0.030093
-15.400000 0.030179
-15.300000 0.030265
-15.200000 0.030352
-15.100000 0.030439
-15.000000 0.030527
-14.900000 0.030615
-14.800000 0.030704
-14.700000 0.030794
-14.600000 0.030884
-14.500000 0.030974
-14.400000 0.031065
-14.300000 0.031157
-14.200000 0.031248
-14.100000 0.031340
-14.000000 0.031432
-13.900000 0.031523
-13.800000 0.031615
-13.700000 0.031705
-13.600000 0.031796
-13.500000 0.031885
-13.400000 0.031973
-13.300000 0.032059
-13.200000 0.032144
-13.100000 0.032226
-13.000000 0.032306
-12.900000 0.032383
-12.800000 0.032457
-12.700000 0.032527
-12.600000 0.032593
-12.500000 0.032655
-12.400000 0.032713
-12.300000 0.032767
-12.200000 0.032816
-12.100000 0.032861
-12.000000 0.032903
-11.900000 0.032941
-11.800000 0.032978
-11.700000 0.033013
-11.600000 0.033048
-11.500000 0.033087
-11.400000 0.033130
-11.300000 0.033180
-11.200000 0.033242
-11.100000 0.033318
-11.000000 0.033413
-10.900000 0.033533
-10.800000 0.033683
-10.700000 0.033868
-10.600000 0.034096
-10.500000 0.034373
-10.400000 0.034707
-10.300000 0.035107
-10.200000 0.035579
-10.100000 0.036131
-10.000000 0.036773
-9.900000 0.037510
-9.800000 0.038349
-9.700000 0.039297
-9.600000 0.040358
-9.500000 0.041534
-9.400000 0.042827
-9.300000 0.044236
-9.200000 0.045755
-9.100000 0.047378
-9.000000 0.049093
-8.900000 0.050885
-8.800000 0.052736
-8.700000 0.054619
-8.600000 0.056507
-8.500000 0.058365
-8.400000 0.060152
-8.300000 0.061822
-8.200000 0.063325
-8.100000 0.064603
-8.000000 0.065595
-7.900000 0.066235
-7.800000 0.066452
-7.700000 0.066173
-7.600000 0.065322
-7.500000 0.063822
-7.400000 0.061597
-7.300000 0.058572
-7.200000 0.054677
-7.100000 0.049844
-7.000000 0.044016
-6.900000 0.037144
-6.800000 0.029190
-6.700000 0.020132
-6.600000 0.009960
-6.500000 -0.001313
-6.400000 -0.013656
-6.300000 -0.027017
-6.200000 -0.041318
-6.100000 -0.056456
-6.000000 -0.072301
-5.900000 -0.088698
-5.800000 -0.105462
-5.700000 -0.122382
-5.600000 -0.139220
-5.500000 -0.155713
-5.400000 -0.171575
-5.300000 -0.186498
-5.200000 -0.200157
-5.100000 -0.212215
-5.000000 -0.222323
-4.900000 -0.230130
-4.800000 -0.235285
-4.700000 -0.237445
-4.600000 -0.236279
-4.500000 -0.231480
-4.400000 -0.222763
-4.300000 -0.209882
-4.200000 -0.192627
-4.100000 -0.170840
-4.000000 -0.144412
-3.900000 -0.113297
-3.800000 -0.077512
-3.700000 -0.037142
-3.600000 0.007656
-3.500000 0.056651
-3.400000 0.109534
-3.300000 0.165926
-3.200000 0.225368
-3.100000 0.287336
-3.000000 0.351236
-2.900000 0.416412
-2.800000 0.482157
-2.700000 0.547716
-2.600000 0.612298
-2.500000 0.675085
-2.400000 0.735246
-2.300000 0.791946
-2.200000 0.844362
-2.100000 0.891692
-2.000000 0.933173
-1.900000 0.968089
-1.800000 0.995788
-1.700000 1.015690
-1.600000 1.027302
-1.500000 1.030224
-1.400000 1.024163
-1.300000 1.008934
-1.200000 0.984469
-1.100000 0.950822
-1.000000 0.908167
-0.900000 0.856800
-0.800000 0.797136
-0.700000 0.729707
-0.600000 0.655151
-0.500000 0.574207
-0.400000 0.487707
-0.300000 0.396559
-0.200000 0.301739
-0.100000 0.204275
0.000000 0.105230
0.100000 0.005691
0.200000 -0.093251
0.300000 -0.190516
0.400000 -0.285049
0.500000 -0.375840
0.600000 -0.461933
0.700000 -0.542443
0.800000 -0.616568
0.900000 -0.683599
1.000000 -0.742929
1.100000 -0.794063
1.200000 -0.836618
1.300000 -0.870332
1.400000 -0.895064
1.500000 -0.910789
1.600000 -0.917603
1.700000 -0.915712
1.800000 -0.905430
1.900000 -0.887170
2.000000 -0.861435
2.100000 -0.828806
2.200000 -0.789933
2.300000 -0.745524
2.400000 -0.696328
2.500000 -0.643127
2.600000 -0.586720
2.700000 -0.527913
2.800000 -0.467504
2.900000 -0.406272
3.000000 -0.344971
3.100000 -0.284312
3.200000 -0.224961
3.300000 -0.167529
3.400000 -0.112566
3.500000 -0.060557
3.600000 -0.011916
3.700000 0.033013
3.800000 0.073957
3.900000 0.110718
4.000000 0.143166
4.100000 0.171238
4.200000 0.194937
4.300000 0.214325
4.400000 0.229517
4.500000 0.240677
4.600000 0.248014
4.700000 0.251772
4.800000 0.252222
4.900000 0.249662
5.000000 0.244406
5.100000 0.236776
5.200000 0.227102
5.300000 0.215710
5.400000 0.202924
5.500000 0.189053
5.600000 0.174395
5.700000 0.159230
5.800000 0.143816
5.900000 0.128389
6.000000 0.113161
6.100000 0.098320
6.200000 0.084027
6.300000 0.070417
6.400000 0.057602
6.500000 0.045667
6.600000 0.034675
6.700000 0.024668
6.800000 0.015669
6.900000 0.007679
7.000000 0.000688
7.100000 -0.005332
7.200000 -0.010420
7.300000 -0.014622
7.400000 -0.017996
7.500000 -0.020604
7.600000 -0.022512
7.700000 -0.023789
7.800000 -0.024505
7.900000 -0.024729
8.000000 -0.024530
8.100000 -0.023973
8.200000 -0.023121
8.300000 -0.022032
8.400000 -0.020761
8.500000 -0.019356
8.600000 -0.017862
8.700000 -0.016319
8.800000 -0.014760
8.900000 -0.013215
9.000000 -0.011708
9.100000 -0.010259
9.200000 -0.008884
9.300000 -0.007595
9.400000 -0.006401
9.500000 -0.005306
9.600000 -0.004314
9.700000 -0.003425
9.800000 -0.002637
9.900000 -0.001947
10.000000 -0.001350
10.100000 -0.000841
10.200000 -0.000414
10.300000 -0.000061
10.400000 0.000224
10.500000 0.000449
10.600000 0.000620
10.700000 0.000744
10.800000 0.000828
10.900000 0.000878
11.000000 0.000899
11.100000 0.000898
11.200000 0.000877
11.300000 0.000842
11.400000 0.000796
11.500000 0.000743
11.600000 0.000685
11.700000 0.000624
11.800000 0.000562
11.900000 0.000502
12.000000 0.000443
12.100000 0.000387
12.200000 0.000335
12.300000 0.000286
12.400000 0.000242
12.500000 0.000202
12.600000 0.000167
12.700000 0.000135
12.800000 0.000108
12.900000 0.000084
13.000000 0.000064
13.100000 0.000047
13.200000 0.000033
13.300000 0.000022
13.400000 0.000012
13.500000 0.000005
13.600000 -0.000001
13.700000 -0.000005
13.800000 -0.000008
13.900000 -0.000010
14.000000 -0.000011
14.100000 -0.000012
14.200000 -0.000012
14.300000 -0.000012
14.400000 -0.000011
14.500000 -0.000011
14.600000 -0.000010
14.700000 -0.000009
14.800000 -0.000008
14.900000 -0.000007
15.000000 -0.000006
15.100000 -0.000005
15.200000 -0.000005
15.300000 -0.000004
15.400000 -0.000003
15.500000 -0.000003
15.600000 -0.000002
15.700000 -0.000002
15.800000 -0.000002
15.900000 -0.000001
16.000000 -0.000001
16.100000 -0.000001
16.200000 -0.000001
16.300000 -0.000000
16.400000 -0.000000
16.500000 -0.000000
16.600000 -0.000000
16.700000 -0.000000
16.800000 -0.000000
16.900000 0.000000
17.000000 0.000000
17.100000 0.000000
17.200000 0.000000
17.300000 0.000000
17.400000 0.000000
17.500000 0.000000
17.600000 0.000000
17.700000 0.000000
17.800000 0.000000
17.900000 0.000000
18.000000 0.000000
18.100000 0.000000
18.200000 0.000000
18.300000 0.000000
18.400000 0.000000
18.500000 0.000000
18.600000 0.000000
18.700000 0.000000
18.800000 0.000000
18.900000 0.000000
19.000000 0.000000
19.100000 0.000000
19.200000 0.000000
19.300000 0.000000
19.400000 0.000000
19.500000 0.000000
19.600000 0.000000
19.700000 0.000000
19.800000 0.000000
19.900000 0.000000
