0.000000000000000 0.204655338220340 0.030174415132919
0.500000000000000 2.167044814430731 0.065592720546584
1.000000000000000 10.996488719281277 0.138354975687648
1.500000000000000 3.039889592608117 0.183208412965292
2.000000000000000 1.790896204925370 0.150826771509504
2.500000000000000 0.515957910523144 0.096351470383543
3.000000000000000 0.153955395916478 0.065772206828495
3.500000000000000 0.063283081724689 0.058370128806357
4.000000000000000 0.037440539509945 0.062978728350986
4.500000000000000 0.289873548778369 0.069367834481478
5.000000000000000 0.789737744095583 0.070461469131065
5.500000000000000 3.127028371370225 0.065113938449230
6.000000000000000 0.308020791136462 0.056349907130466
6.500000000000000 0.189737721295414 0.047281923398259
7.000000000000000 0.132845659313722 0.039375671134477
7.500000000000000 0.097834382180627 0.032893557970140
8.000000000000000 0.074573356566458 0.027655534557862
8.500000000000000 0.058414488840025 0.023418346471507
9.000000000000000 0.046794458663214 0.019975412945431
9.500000000000000 0.038190171871385 0.017162492195204
10.000000000000000 0.031656270726883 0.014849293414795
10.500000000000000 0.026586051136875 0.012933013738672
11.000000000000000 0.022578395752594 0.011333325581760
11.500000000000000 0.019360516384933 0.009987866440994
12.000000000000000 0.016741840740469 0.008848230506383
12.500000000000000 0.014585879945386 0.007876639831498
13.000000000000000 0.012792688442414 0.007043348144615
13.500000000000000 0.011287659799909 0.006324699656335
14.000000000000000 0.010014177393182 0.005701703341327
14.500000000000000 0.008928662270054 0.005158983771583
15.000000000000000 0.007997151529299 0.004683999491046
15.500000000000000 0.007192881807499 0.004266452271599
16.000000000000000 0.006494550788459 0.003897834952679
16.500000000000000 0.005885046897497 0.003571081716568
17.000000000000000 0.005350508588833 0.003280295149649
17.500000000000000 0.004879619373552 0.003020531465286
18.000000000000000 0.004463073745256 0.002787630146674
18.500000000000000 0.004093168483322 0.002578077762513
19.000000000000000 0.003763486952459 0.002388898256163
19.500000000000000 0.003468653092118 0.002217563887261
20.000000000000000 0.003204138137093 0.002061922399744
20.500000000000000 0.002966107601335 0.001920137032488
21.000000000000000 0.002751299267805 0.001790636771906
21.500000000000000 0.002556925246852 0.001672074837632
22.000000000000000 0.002380592858173 0.001563293841828
22.500000000000000 0.002220240338254 0.001463296405817
23.000000000000000 0.002074084301924 0.001371220279957
23.500000000000000 0.001940576581308 0.001286317214903
24.000000000000000 0.001818368590362 0.001207934987008
24.500000000000000 0.001706281762705 0.001135502100664
25.000000000000000 0.001603283378415 0.001068514780897
25.500000000000000 0.001508464354703 0.001006525942655
26.000000000000000 0.001421023833089 0.000949135874359
26.500000000000000 0.001340253690948 0.000895984417279
27.000000000000000 0.001265526251512 0.000846744452897
27.500000000000000 0.001196283767994 0.000801116535168
28.000000000000000 0.001132029456946 0.000758824523405
28.500000000000000 0.001072319827665 0.000719612086144
29.000000000000000 0.001016758099806 0.000683239958146
29.500000000000000 0.000964988537865 0.000649483842144
30.000000000000000 0.000916691560770 0.000618132855377
