30.000000000000000 0.000102270450814
31.000000000000000 0.000091569771390
32.000000000000000 0.000082360476398
33.000000000000000 0.000074388311507
34.000000000000000 0.000067434919241
35.000000000000000 0.000061343209141
36.000000000000000 0.000055980236741
37.000000000000000 0.000051237594636
38.000000000000000 0.000047026145858
39.000000000000000 0.000043272043706
40.000000000000000 0.000039913686644
41.000000000000000 0.000036899362638
42.000000000000000 0.000034185408430
43.000000000000000 0.000031734757926
44.000000000000000 0.000029515787796
45.000000000000000 0.000027501392293
46.000000000000000 0.000025668236468
47.000000000000000 0.000023996149364
48.000000000000000 0.000022467627909
49.000000000000000 0.000021067428966
