0.000000000000000 3.492982907382496
0.500000000000000 0.841613556242880
1.000000000000000 1.062900952244824
1.500000000000000 0.521152367154729
2.000000000000000 0.228400567366539
2.500000000000000 0.118239194717589
3.000000000000000 0.067533656963264
3.500000000000000 0.072750239143473
4.000000000000000 0.051919125345099
4.500000000000000 0.040166178938768
5.000000000000000 0.033864337583852
5.500000000000000 0.031306155514147
6.000000000000000 0.032246107950296
6.500000000000000 0.038763380327164
7.000000000000000 0.064285925792300
7.500000000000000 3.239982127498699
8.000000000000000 0.044848348256346
8.500000000000000 0.098710889357757
9.000000000000000 0.073324369473184
9.500000000000000 0.058165143347563
10.000000000000000 0.047878633862104
10.500000000000000 0.040428357877665
11.000000000000000 0.034822888441421
11.500000000000000 0.030504733514722
12.000000000000000 0.027130509339973
12.500000000000000 0.024477878290898
13.000000000000000 0.022399118564930
13.500000000000000 0.020798316679297
14.000000000000000 0.019619892566945
14.500000000000000 0.018846453603193
15.000000000000000 0.018507803539399
15.500000000000000 0.018713815636005
16.000000000000000 0.019738044269672
16.500000000000000 0.022344126047306
17.000000000000000 0.029370798050605
17.500000000000000 0.068050076856299
18.000000000000000 0.042745592546440
18.500000000000000 0.017603803354907
19.000000000000000 0.011536522056661
19.500000000000000 0.008678101034088
20.000000000000000 0.006971055388367
20.500000000000000 0.005817567856390
21.000000000000000 0.004977304870510
21.500000000000000 0.004333582009547
22.000000000000000 0.003822559120463
22.500000000000000 0.003406008323674
23.000000000000000 0.003059494508941
23.500000000000000 0.002766575627308
24.000000000000000 0.002515724262016
24.500000000000000 0.002298583281493
25.000000000000000 0.002108923311964
25.500000000000000 0.001941991383415
26.000000000000000 0.001794088399304
26.500000000000000 0.001662286072810
27.000000000000000 0.001544231927646
27.500000000000000 0.001438011645826
28.000000000000000 0.001342049784205
28.500000000000000 0.001255033925556
29.000000000000000 0.001175871851812
29.500000000000000 0.001103631962331
30.000000000000000 0.001037523838624
