0.000000000000000 0.252041834577586
0.500000000000000 0.280208396034754
1.000000000000000 0.123036737654040
1.500000000000000 0.100235010935048
2.000000000000000 0.118921274001593
2.500000000000000 0.098094741881286
3.000000000000000 0.066823542404233
3.500000000000000 0.044016635037123
4.000000000000000 0.034465824417348
4.500000000000000 0.032797716125172
5.000000000000000 0.032478789882034
5.500000000000000 0.019466260060462
6.000000000000000 0.009019964605143
6.500000000000000 0.025879910138479
7.000000000000000 0.013387928252316
7.500000000000000 0.018494296245404
8.000000000000000 0.017307071464699
8.500000000000000 0.012384238231951
9.000000000000000 0.016939048339929
9.500000000000000 0.008101128013692
10.000000000000000 0.014921025154099
10.500000000000000 0.005590622716857
11.000000000000000 0.011969898776445
11.500000000000000 0.004489688234929
12.000000000000000 0.008887820160051
12.500000000000000 0.004443983628057
13.000000000000000 0.006029097792392
13.500000000000000 0.004612622079687
14.000000000000000 0.003738293086519
14.500000000000000 0.004748523745389
15.000000000000000 0.002242547569959
15.500000000000000 0.004470508016057
16.000000000000000 0.001425371119079
16.500000000000000 0.003893617590925
17.000000000000000 0.001251895956590
17.500000000000000 0.003021752476971
18.000000000000000 0.001367090112396
18.500000000000000 0.002143913741112
19.000000000000000 0.001676397458815
19.500000000000000 0.001327676058730
20.000000000000000 0.001839258810280
20.500000000000000 0.000795703324245
21.000000000000000 0.001905338099906
21.500000000000000 0.000497817214413
22.000000000000000 0.001700246753292
22.500000000000000 0.000483369858666
23.000000000000000 0.001386042753159
23.500000000000000 0.000591662277936
24.000000000000000 0.000992082769538
24.500000000000000 0.000803377383259
25.000000000000000 0.000606851202864
25.500000000000000 0.000919238959336
26.000000000000000 0.000360046786251
26.500000000000000 0.000985470943024
27.000000000000000 0.000210746348342
27.500000000000000 0.000913199185768
28.000000000000000 0.000225959899152
28.500000000000000 0.000722150332422
29.000000000000000 0.000301366437870
29.500000000000000 0.000533993363120
30.000000000000000 0.000423285247181
