0.0000000000 -0.8981185776
0.0000000000 -3.9580043927
0.5000000000 -0.3430219506
0.5000000000 -4.5155004407
1.0000000000 0.1308160937
1.0000000000 -5.0658243667
1.5000000000 0.5380321888
1.5000000000 -5.6604080137
2.0000000000 0.8753669854
2.0000000000 -6.3668006651
2.5000000000 1.1346859399
2.5000000000 -7.3587944447
3.0000000000 1.3117320420
3.0000000000 -9.3722522593
3.5000000000 1.4120834299
4.0000000000 1.4506757489
4.5000000000 1.4461145899
5.0000000000 1.4152491947
5.5000000000 1.3708115152
6.0000000000 1.3213805850
6.5000000000 1.2722366499
7.0000000000 1.2263077839
7.5000000000 1.1849524466
8.0000000000 1.1485410250
8.5000000000 1.1168734141
8.5000000000 3.7734288884
8.5000000000 3.1530402776
9.0000000000 1.0894629711
9.0000000000 4.0202095894
9.0000000000 2.9259016090
9.5000000000 1.0657200583
9.5000000000 4.1629284803
9.5000000000 2.7941526915
10.0000000000 1.0450605633
10.0000000000 4.2618320325
10.0000000000 2.7004260471
10.5000000000 1.0269613430
10.5000000000 4.3351607040
10.5000000000 2.6283160388
11.0000000000 1.0109809107
11.0000000000 4.3918162930
11.0000000000 2.5703242129
11.5000000000 0.9967597297
11.5000000000 4.4369514580
11.5000000000 2.5222519559
12.0000000000 0.9840100491
12.0000000000 4.4737947379
12.0000000000 2.4815221433
12.5000000000 0.9725054658
12.5000000000 4.5044736095
12.5000000000 2.4464156773
13.0000000000 0.9620625981
13.0000000000 4.5304434642
13.0000000000 2.4157558357
13.5000000000 0.9525359400
13.5000000000 4.5527272077
13.5000000000 2.3886861454
14.0000000000 0.9438065135
14.0000000000 4.5720655105
14.0000000000 2.3645678639
14.5000000000 0.9357761111
14.5000000000 4.5890096976
14.5000000000 2.3429142433
15.0000000000 0.9283626512
15.0000000000 4.6039795630
15.0000000000 2.3233464921
15.5000000000 0.9214967849
15.5000000000 4.6173011502
15.5000000000 2.3055314934
16.0000000000 0.9151193865
16.0000000000 4.6292320229
16.0000000000 2.2892970370
16.5000000000 0.9091796639
16.5000000000 4.6399786046
16.5000000000 2.2744079157
17.0000000000 0.9036337016
17.0000000000 4.6497083890
17.0000000000 2.2606952717
17.5000000000 0.8984433162
17.5000000000 4.6585587470
17.5000000000 2.2480280742
18.0000000000 0.8935751402
18.0000000000 4.6666434180
18.0000000000 2.2362836411
18.5000000000 0.8889998811
18.5000000000 4.6740573798
18.5000000000 2.2253623183
19.0000000000 0.8846917131
19.0000000000 4.6808805588
19.0000000000 2.2151786317
19.5000000000 0.8806277770
19.5000000000 4.6871806929
19.5000000000 2.2056587829
20.0000000000 0.8767877637
20.0000000000 4.6930155660
20.0000000000 2.1967386722
20.5000000000 0.8731535666
20.5000000000 4.6984347683
20.5000000000 2.1883598594
21.0000000000 0.8697089896
21.0000000000 4.7034810967
21.0000000000 2.1804806441
21.5000000000 0.8664395000
21.5000000000 4.7081916784
21.5000000000 2.1730503856
22.0000000000 0.8633320202
22.0000000000 4.7125988775
22.0000000000 2.1660332613
22.5000000000 0.8603747484
22.5000000000 4.7167310349
22.5000000000 2.1593952496
23.0000000000 0.8575570069
23.0000000000 4.7206130734
23.0000000000 2.1531060102
23.5000000000 0.8548691101
23.5000000000 4.7242669972
23.5000000000 2.1471383946
24.0000000000 0.8523022521
24.0000000000 4.7277123067
24.0000000000 2.1414680333
24.5000000000 0.8498484085
24.5000000000 4.7309663445
24.5000000000 2.1360729859
25.0000000000 0.8475002511
25.0000000000 4.7340445848
25.0000000000 2.1309334427
25.5000000000 0.8452510740
25.5000000000 4.7369608788
25.5000000000 2.1260314702
26.0000000000 0.8430947286
26.0000000000 4.7397276617
26.0000000000 2.1213507918
26.5000000000 0.8410255667
26.5000000000 4.7423561287
26.5000000000 2.1168765993
27.0000000000 0.8390383907
27.0000000000 4.7448563858
27.0000000000 2.1125953895
27.5000000000 0.8371284090
27.5000000000 4.7472375789
27.5000000000 2.1084948223
28.0000000000 0.8352911973
28.0000000000 4.7495080053
28.0000000000 2.1045635971
28.5000000000 0.8335226641
28.5000000000 4.7516660542
28.5000000000 2.1007913448
29.0000000000 0.8318190194
29.0000000000 4.7537374288
29.0000000000 2.0971685328
29.5000000000 0.8301767481
29.5000000000 4.7557186978
29.5000000000 2.0936863819
30.0000000000 0.8285925846
30.0000000000 4.7576156094
30.0000000000 2.0903367926
