0.000000000000000 1.943933772958081 0.109159543841188
0.500000000000000 3.448619751993901 0.250016086667981
1.000000000000000 14.610415146659387 0.341887835992150
1.500000000000000 1.971137960539456 0.111856564771979
2.000000000000000 1.217125896820332 0.047592278960390
2.500000000000000 0.725802128765327 0.089222268811192
3.000000000000000 2.815378568641125 0.056694372686807
3.500000000000000 0.127507594536155 0.036243110899355
4.000000000000000 0.032918831631353 0.037767694018434
4.500000000000000 0.014508341299220 0.050948816081323
5.000000000000000 0.485186599317413 0.065090230077217
5.500000000000000 0.507569549019829 0.070900873167819
6.000000000000000 0.643124515043562 0.066747427120582
6.500000000000000 0.203166035146972 0.057156100603968
7.000000000000000 0.125540626988963 0.046766770403186
7.500000000000000 0.084919793441087 0.037775538968494
8.000000000000000 0.060235746361591 0.030605116376688
8.500000000000000 0.044295613923365 0.025008783232330
9.000000000000000 0.033547574535258 0.020633851331583
9.500000000000000 0.026034399415039 0.017186172750707
10.000000000000000 0.020619313091689 0.014445076879726
10.500000000000000 0.016614196511485 0.012246713141894
11.000000000000000 0.013586390380540 0.010468292733771
11.500000000000000 0.011254224189539 0.009017024482884
12.000000000000000 0.009428561034948 0.007822363245908
12.500000000000000 0.007978941260697 0.006830393192822
13.000000000000000 0.006813279964505 0.005999689087208
13.500000000000000 0.005865276396611 0.005298252176841
14.000000000000000 0.005086363701391 0.004701237561495
14.500000000000000 0.004440405356381 0.004189263055368
15.000000000000000 0.003900152415528 0.003747143051095
15.500000000000000 0.003444789633814 0.003362932373196
16.000000000000000 0.003058233746521 0.003027196889471
16.500000000000000 0.002727925246969 0.002732451252784
17.000000000000000 0.002443959944288 0.002472721272931
17.500000000000000 0.002198456608102 0.002243200685489
18.000000000000000 0.001985090942777 0.002039980782148
18.500000000000000 0.001798748272895 0.001859837456358
19.000000000000000 0.001635261988661 0.001700064413100
19.500000000000000 0.001491214653902 0.001558344128266
20.000000000000000 0.001363785658073 0.001432650023257
20.500000000000000 0.001250631996251 0.001321174543601
21.000000000000000 0.001149797869990 0.001222278617854
21.500000000000000 0.001059641092714 0.001134458487680
22.000000000000000 0.000978776100135 0.001056326260394
22.500000000000000 0.000906028299827 0.000986600825825
23.000000000000000 0.000840397472959 0.000924106057877
23.500000000000000 0.000781028258373 0.000867773523295
24.000000000000000 0.000727186213981 0.000816647264240
24.500000000000000 0.000678238297420 0.000769888611291
25.000000000000000 0.000633636868929 0.000726779412608
25.500000000000000 0.000592906517199 0.000686722518347
26.000000000000000 0.000555633159800 0.000649238817312
26.500000000000000 0.000521454985614 0.000613960563152
27.000000000000000 0.000490054896230 0.000580621128221
27.500000000000000 0.000461154172751 0.000549041664930
28.000000000000000 0.000434507148868 0.000519115421337
28.500000000000000 0.000409896713715 0.000490790639329
29.000000000000000 0.000387130501786 0.000464053055377
29.500000000000000 0.000366037653939 0.000438909026950
30.000000000000000 0.000346466054899 0.000415370229354
30.500000000000000 0.000328279969720 0.000393440720111
31.000000000000000 0.000311358015497 0.000373106967228
31.500000000000000 0.000295591415698 0.000354331202346
32.000000000000000 0.000280882493513 0.000337048209851
32.500000000000000 0.000267143367992 0.000321165418106
33.000000000000000 0.000254294822719 0.000306565936964
33.500000000000000 0.000242265321732 0.000293114001950
34.000000000000000 0.000230990151439 0.000280662151232
34.500000000000000 0.000220410670635 0.000269059384010
35.000000000000000 0.000210473653523 0.000258159530709
35.500000000000000 0.000201130712937 0.000247829104479
36.000000000000000 0.000192337792896 0.000237953993900
36.500000000000000 0.000184054721238 0.000228444489143
37.000000000000000 0.000176244814445 0.000219238295982
37.500000000000000 0.000168874527874 0.000210301370667
38.000000000000000 0.000161913145616 0.000201626589620
38.500000000000000 0.000155332504982 0.000193230437888
39.000000000000000 0.000149106751326 0.000185148047312
39.500000000000000 0.000143212119485 0.000177427029876
40.000000000000000 0.000137626738617 0.000170120626932
40.500000000000000 0.000132330457670 0.000163280727354
41.000000000000000 0.000127304689032 0.000156951296938
41.500000000000000 0.000122532268267 0.000151162710421
42.000000000000000 0.000117997328099 0.000145927391881
42.500000000000000 0.000113685185014 0.000141237057001
43.000000000000000 0.000109582237100 0.000137061721036
43.500000000000000 0.000105675871856 0.000133350499594
44.000000000000000 0.000101954382912 0.000130034095722
44.500000000000000 0.000098406894680 0.000127028745884
45.000000000000000 0.000095023294110 0.000124241297355
45.500000000000000 0.000091794168791 0.000121575016710
46.000000000000000 0.000088710750752 0.000118935687627
46.500000000000000 0.000085764865368 0.000116237547733
47.000000000000000 0.000082948884859 0.000113408638127
47.500000000000000 0.000080255685919 0.000110395192561
48.000000000000000 0.000077678611072 0.000107164771027
48.500000000000000 0.000075211433376 0.000103707938487
49.000000000000000 0.000072848324170 0.000100038396191
49.500000000000000 0.000070583823553 0.000096191582619
50.000000000000000 0.000068412813349 0.000092221865982
50.500000000000000 0.000066330492320 0.000088198543262
51.000000000000000 0.000064332353422 0.000084200936094
51.500000000000000 0.000062414162902 0.000080312926910
52.000000000000000 0.000060571941097 0.000076617306913
52.500000000000000 0.000058801944748 0.000073190309632
53.000000000000000 0.000057100650722 0.000070096680931
53.500000000000000 0.000055464741000 0.000067385590848
54.000000000000000 0.000053891088832 0.000065087628458
54.500000000000000 0.000052376745949 0.000063213043062
55.000000000000000 0.000050918930749 0.000061751309158
55.500000000000000 0.000049515016349 0.000060672004726
56.000000000000000 0.000048162524569 0.000059926908376
56.500000000000000 0.000046859110380 0.000059453146043
57.000000000000000 0.000045602557371 0.000059177156845
57.500000000000000 0.000044390768648 0.000059019203757
58.000000000000000 0.000043221759355 0.000058898130116
58.500000000000000 0.000042093649734 0.000058736058359
59.000000000000000 0.000041004658661 0.000058462742416
59.500000000000000 0.000039953097646 0.000058019317819
60.000000000000000 0.000038937365239 0.000057361241240
60.500000000000000 0.000037955941824 0.000056460269885
61.000000000000000 0.000037007384764 0.000055305396977
61.500000000000000 0.000036090323880 0.000053902727675
62.000000000000000 0.000035203457220 0.000052274346065
62.500000000000000 0.000034345547121 0.000050456283940
63.000000000000000 0.000033515416523 0.000048495752646
63.500000000000000 0.000032711945521 0.000046447837444
64.000000000000000 0.000031934068147 0.000044371877856
64.500000000000000 0.000031180769353 0.000042327766477
65.000000000000000 0.000030451082185 0.000040372392869
65.500000000000000 0.000029744085143 0.000038556439562
66.000000000000000 0.000029058899691 0.000036921705670
66.500000000000000 0.000028394687939 0.000035499092843
67.000000000000000 0.000027750650457 0.000034307341151
67.500000000000000 0.000027126024223 0.000033352552325
68.000000000000000 0.000026520080701 0.000032628487864
68.500000000000000 0.000025932124027 0.000032117582853
69.000000000000000 0.000025361489311 0.000031792575834
69.500000000000000 0.000024807541034 0.000031618622721
70.000000000000000 0.000024269671540 0.000031555740324
