0.0000000000 -1.1608203580
0.0000000000 -1.8622315695
0.0000000000 -4.1148748319
0.0000000000 -6.9902716473
0.5000000000 -0.4139696663
0.5000000000 -2.4851219925
0.5000000000 -4.5098259841
0.5000000000 -6.5694350938
1.0000000000 0.0434567387
1.0000000000 -2.8612958435
1.5000000000 0.3650693110
1.5000000000 -3.1640866562
2.0000000000 0.5592653678
2.0000000000 -3.4161383206
2.5000000000 0.6373380734
2.5000000000 -3.6212029425
3.0000000000 0.6290008203
3.0000000000 -3.7789277965
3.5000000000 0.5691664511
3.5000000000 -3.8903208097
4.0000000000 0.4855027079
4.0000000000 -3.9603702380
4.5000000000 0.3961113940
4.5000000000 -3.9979650773
5.0000000000 0.3116019326
5.0000000000 -4.0139318918
5.0000000000 3.0649255568
5.0000000000 1.6535679949
5.5000000000 0.2374097217
5.5000000000 -4.0183434392
5.5000000000 3.3322552848
5.5000000000 1.4462143925
6.0000000000 0.1756346438
6.0000000000 -4.0187410827
6.0000000000 3.4900526001
6.0000000000 1.3109116397
6.5000000000 0.1255375846
6.5000000000 -4.0196466395
6.5000000000 3.5797142815
6.5000000000 1.2158767426
7.0000000000 0.0859810435
7.0000000000 -4.0230030957
7.0000000000 3.6261826856
7.0000000000 1.1469698026
7.5000000000 0.0547179556
7.5000000000 -4.0290348668
7.5000000000 3.6468591392
7.5000000000 1.0956725811
8.0000000000 0.0296682163
8.0000000000 -4.0370911384
8.0000000000 3.6534580613
8.0000000000 1.0562893173
8.5000000000 0.0090811067
8.5000000000 -4.0462740278
8.5000000000 3.6532818022
8.5000000000 1.0249378500
9.0000000000 -0.0083540232
9.0000000000 -4.0557998265
9.0000000000 3.6504771350
9.0000000000 0.9990372720
9.5000000000 -0.0235327924
9.5000000000 -4.0651375935
9.5000000000 3.6471325419
9.5000000000 0.9769373296
10.0000000000 -0.0370274711
10.0000000000 -4.0740060962
10.0000000000 3.6441211098
10.0000000000 0.9576177612
10.5000000000 -0.0491916395
10.5000000000 -4.0823067108
10.5000000000 3.6416809905
10.5000000000 0.9404540645
11.0000000000 -0.0602474687
11.0000000000 -4.0900463577
11.0000000000 3.6397730496
11.0000000000 0.9250518996
11.5000000000 -0.0703455717
11.5000000000 -4.0972775913
11.5000000000 3.6382741030
11.5000000000 0.9111425553
12.0000000000 -0.0795998768
12.0000000000 -4.1040625502
12.0000000000 3.6370638773
12.0000000000 0.8985243313
12.5000000000 -0.0881049411
12.5000000000 -4.1104565139
12.5000000000 3.6360526939
12.5000000000 0.8870333953
13.0000000000 -0.0959431771
13.0000000000 -4.1165035415
13.0000000000 3.6351819188
13.0000000000 0.8765308172
13.5000000000 -0.1031873862
13.5000000000 -4.1222377109
13.5000000000 3.6344155743
13.5000000000 0.8668970659
14.0000000000 -0.1099016694
14.0000000000 -4.1276859158
14.0000000000 3.6337316639
14.0000000000 0.8580266916
14.5000000000 -0.1161420755
14.5000000000 -4.1328703505
14.5000000000 3.6331159770
14.5000000000 0.8498366075
15.0000000000 -0.1219573785
15.0000000000 -4.1378101717
15.0000000000 3.6325584473
15.0000000000 0.8422485846
15.5000000000 -0.1273899745
15.5000000000 -4.1425224408
15.5000000000 3.6320512842
15.5000000000 0.8351977868
16.0000000000 -0.1324767856
16.0000000000 -4.1470226112
16.0000000000 3.6315881015
16.0000000000 0.8286284295
16.5000000000 -0.1372500850
16.5000000000 -4.1513247812
16.5000000000 3.6311635194
16.5000000000 0.8224922858
17.0000000000 -0.1417382068
17.0000000000 -4.1554418468
17.0000000000 3.6307729598
17.0000000000 0.8167474428
17.5000000000 -0.1459661378
17.5000000000 -4.1593856186
17.5000000000 3.6304125134
17.5000000000 0.8113572865
18.0000000000 -0.1499560057
18.0000000000 -4.1631669240
18.0000000000 3.6300788341
18.0000000000 0.8062896772
18.5000000000 -0.1537274815
18.5000000000 -4.1667957027
18.5000000000 3.6297690481
18.5000000000 0.8015162771
19.0000000000 -0.1572981151
19.0000000000 -4.1702810933
19.0000000000 3.6294806772
19.0000000000 0.7970119983
19.5000000000 -0.1606836153
19.5000000000 -4.1736315124
19.5000000000 3.6292115739
19.5000000000 0.7927545467
20.0000000000 -0.1638980863
20.0000000000 -4.1768547248
20.0000000000 3.6289598690
20.0000000000 0.7887234568
20.5000000000 -0.1669542287
20.5000000000 -4.1799579055
20.5000000000 3.6287239275
20.5000000000 0.7849021456
21.0000000000 -0.1698635106
21.0000000000 -4.1829476955
21.0000000000 3.6285023131
21.0000000000 0.7812740205
21.5000000000 -0.1726363137
21.5000000000 -4.1858302508
21.5000000000 3.6282937590
21.5000000000 0.7778247093
22.0000000000 -0.1752820602
22.0000000000 -4.1886112861
22.0000000000 3.6280971434
22.0000000000 0.7745412386
22.5000000000 -0.1778093209
22.5000000000 -4.1912961143
22.5000000000 3.6279114695
22.5000000000 0.7714118669
23.0000000000 -0.1802259100
23.0000000000 -4.1938896811
23.0000000000 3.6277358486
23.0000000000 0.7684259409
23.5000000000 -0.1825389670
23.5000000000 -4.1963965965
23.5000000000 3.6275694855
23.5000000000 0.7655737717
24.0000000000 -0.1847550280
24.0000000000 -4.1988211630
24.0000000000 3.6274116669
24.0000000000 0.7628465280
24.5000000000 -0.1868800887
24.5000000000 -4.2011674010
24.5000000000 3.6272617509
24.5000000000 0.7602361422
25.0000000000 -0.1889196588
25.0000000000 -4.2034390718
25.0000000000 3.6271191583
25.0000000000 0.7577352298
25.5000000000 -0.1908788109
25.5000000000 -4.2056396979
25.5000000000 3.6269833652
25.5000000000 0.7553370180
26.0000000000 -0.1927622230
26.0000000000 -4.2077725823
26.0000000000 3.6268538965
26.0000000000 0.7530352836
26.5000000000 -0.1945742160
26.5000000000 -4.2098408249
26.5000000000 3.6267303203
26.5000000000 0.7508242982
27.0000000000 -0.1963187875
27.0000000000 -4.2118473384
27.0000000000 3.6266122434
27.0000000000 0.7486987795
27.5000000000 -0.1979996413
27.5000000000 -4.2137948620
27.5000000000 3.6264993065
27.5000000000 0.7466538489
28.0000000000 -0.1996202142
28.0000000000 -4.2156859743
28.0000000000 3.6263911811
28.0000000000 0.7446849933
28.5000000000 -0.2011836998
28.5000000000 -4.2175231049
28.5000000000 3.6262875661
28.5000000000 0.7427880316
29.0000000000 -0.2026930691
29.0000000000 -4.2193085454
29.0000000000 3.6261881851
29.0000000000 0.7409590843
29.5000000000 -0.2041510904
29.5000000000 -4.2210444585
29.5000000000 3.6260927837
29.5000000000 0.7391945471
30.0000000000 -0.2055603458
30.0000000000 -4.2227328874
30.0000000000 3.6260011274
30.0000000000 0.7374910667
30.5000000000 -0.2069232466
30.5000000000 -4.2243757641
30.5000000000 3.6259130001
30.5000000000 0.7358455190
31.0000000000 -0.2082420476
31.0000000000 -4.2259749165
31.0000000000 3.6258282017
31.0000000000 0.7342549904
31.5000000000 -0.2095188594
31.5000000000 -4.2275320755
31.5000000000 3.6257465471
31.5000000000 0.7327167597
32.0000000000 -0.2107556596
32.0000000000 -4.2290488815
32.0000000000 3.6256678646
32.0000000000 0.7312282827
32.5000000000 -0.2119543034
32.5000000000 -4.2305268903
32.5000000000 3.6255919949
32.5000000000 0.7297871780
33.0000000000 -0.2131165330
33.0000000000 -4.2319675782
33.0000000000 3.6255187897
33.0000000000 0.7283912143
33.5000000000 -0.2142439857
33.5000000000 -4.2333723473
33.5000000000 3.6254481111
33.5000000000 0.7270382985
34.0000000000 -0.2153382021
34.0000000000 -4.2347425300
34.0000000000 3.6253798305
34.0000000000 0.7257264650
34.5000000000 -0.2164006328
34.5000000000 -4.2360793934
34.5000000000 3.6253138279
34.5000000000 0.7244538667
35.0000000000 -0.2174326453
35.0000000000 -4.2373841432
35.0000000000 3.6252499911
35.0000000000 0.7232187655
35.5000000000 -0.2184355295
35.5000000000 -4.2386579274
35.5000000000 3.6251882153
35.5000000000 0.7220195250
36.0000000000 -0.2194105033
36.0000000000 -4.2399018396
36.0000000000 3.6251284022
36.0000000000 0.7208546025
36.5000000000 -0.2203587174
36.5000000000 -4.2411169226
36.5000000000 3.6250704598
36.5000000000 0.7197225429
37.0000000000 -0.2212812603
37.0000000000 -4.2423041708
37.0000000000 3.6250143016
37.0000000000 0.7186219725
37.5000000000 -0.2221791620
37.5000000000 -4.2434645332
37.5000000000 3.6249598465
37.5000000000 0.7175515928
38.0000000000 -0.2230533979
38.0000000000 -4.2445989161
38.0000000000 3.6249070181
38.0000000000 0.7165101764
38.5000000000 -0.2239048929
38.5000000000 -4.2457081854
38.5000000000 3.6248557446
38.5000000000 0.7154965613
39.0000000000 -0.2247345240
39.0000000000 -4.2467931689
39.0000000000 3.6248059584
39.0000000000 0.7145096470
39.5000000000 -0.2255431236
39.5000000000 -4.2478546580
39.5000000000 3.6247575957
39.5000000000 0.7135483905
40.0000000000 -0.2263314825
40.0000000000 -4.2488934102
40.0000000000 3.6247105962
40.0000000000 0.7126118024
40.5000000000 -0.2271003521
40.5000000000 -4.2499101506
40.5000000000 3.6246649032
40.5000000000 0.7116989438
41.0000000000 -0.2278504472
41.0000000000 -4.2509055738
41.0000000000 3.6246204629
41.0000000000 0.7108089227
41.5000000000 -0.2285824478
41.5000000000 -4.2518803453
41.5000000000 3.6245772245
41.5000000000 0.7099408915
42.0000000000 -0.2292970018
42.0000000000 -4.2528351031
42.0000000000 3.6245351398
42.0000000000 0.7090940439
42.5000000000 -0.2299947260
42.5000000000 -4.2537704592
42.5000000000 3.6244941634
42.5000000000 0.7082676128
43.0000000000 -0.2306762089
43.0000000000 -4.2546870006
43.0000000000 3.6244542519
43.0000000000 0.7074608676
43.5000000000 -0.2313420115
43.5000000000 -4.2555852912
43.5000000000 3.6244153645
43.5000000000 0.7066731122
44.0000000000 -0.2319926694
44.0000000000 -4.2564658720
44.0000000000 3.6243774622
44.0000000000 0.7059036831
44.5000000000 -0.2326286941
44.5000000000 -4.2573292633
44.5000000000 3.6243405079
44.5000000000 0.7051519474
45.0000000000 -0.2332505742
45.0000000000 -4.2581759647
45.0000000000 3.6243044667
45.0000000000 0.7044173008
45.5000000000 -0.2338587767
45.5000000000 -4.2590064570
45.5000000000 3.6242693051
45.5000000000 0.7036991665
46.0000000000 -0.2344537485
46.0000000000 -4.2598212023
46.0000000000 3.6242349912
46.0000000000 0.7029969933
46.5000000000 -0.2350359170
46.5000000000 -4.2606206454
46.5000000000 3.6242014947
46.5000000000 0.7023102544
47.0000000000 -0.2356056914
47.0000000000 -4.2614052145
47.0000000000 3.6241687869
47.0000000000 0.7016384456
47.5000000000 -0.2361634638
47.5000000000 -4.2621753220
47.5000000000 3.6241368401
47.5000000000 0.7009810850
48.0000000000 -0.2367096096
48.0000000000 -4.2629313649
48.0000000000 3.6241056282
48.0000000000 0.7003377108
48.5000000000 -0.2372444890
48.5000000000 -4.2636737260
48.5000000000 3.6240751259
48.5000000000 0.6997078809
49.0000000000 -0.2377684473
49.0000000000 -4.2644027743
49.0000000000 3.6240453095
49.0000000000 0.6990911715
49.5000000000 -0.2382818159
49.5000000000 -4.2651188654
49.5000000000 3.6240161560
49.5000000000 0.6984871765
50.0000000000 -0.2387849129
50.0000000000 -4.2658223426
50.0000000000 3.6239876436
50.0000000000 0.6978955064
50.5000000000 -0.2392780437
50.5000000000 -4.2665135369
50.5000000000 3.6239597514
50.5000000000 0.6973157873
51.0000000000 -0.2397615017
51.0000000000 -4.2671927680
51.0000000000 3.6239324592
51.0000000000 0.6967476603
51.5000000000 -0.2402355691
51.5000000000 -4.2678603445
51.5000000000 3.6239057481
51.5000000000 0.6961907809
52.0000000000 -0.2407005170
52.0000000000 -4.2685165644
52.0000000000 3.6238795995
52.0000000000 0.6956448181
52.5000000000 -0.2411566062
52.5000000000 -4.2691617156
52.5000000000 3.6238539960
52.5000000000 0.6951094537
53.0000000000 -0.2416040876
53.0000000000 -4.2697960764
53.0000000000 3.6238289207
53.0000000000 0.6945843817
53.5000000000 -0.2420432029
53.5000000000 -4.2704199159
53.5000000000 3.6238043573
53.5000000000 0.6940693080
54.0000000000 -0.2424741847
54.0000000000 -4.2710334942
54.0000000000 3.6237802904
54.0000000000 0.6935639493
54.5000000000 -0.2428972569
54.5000000000 -4.2716370628
54.5000000000 3.6237567050
54.5000000000 0.6930680331
55.0000000000 -0.2433126356
55.0000000000 -4.2722308652
55.0000000000 3.6237335869
55.0000000000 0.6925812971
55.5000000000 -0.2437205894
55.5000000000 -4.2728151370
55.5000000000 3.6237109223
55.5000000000 0.6921034885
56.0000000000 -0.2441211978
56.0000000000 -4.2733901062
56.0000000000 3.6236886980
56.0000000000 0.6916343636
56.5000000000 -0.2445147149
56.5000000000 -4.2739559937
56.5000000000 3.6236669013
56.5000000000 0.6911736877
57.0000000000 -0.2449013275
57.0000000000 -4.2745130133
57.0000000000 3.6236455199
57.0000000000 0.6907212345
57.5000000000 -0.2452812158
57.5000000000 -4.2750613722
57.5000000000 3.6236245421
57.5000000000 0.6902767855
58.0000000000 -0.2456545538
58.0000000000 -4.2756012712
58.0000000000 3.6236039566
58.0000000000 0.6898401300
58.5000000000 -0.2460215095
58.5000000000 -4.2761329049
58.5000000000 3.6235837524
58.5000000000 0.6894110647
59.0000000000 -0.2463822455
59.0000000000 -4.2766564620
59.0000000000 3.6235639192
59.0000000000 0.6889893932
59.5000000000 -0.2467369185
59.5000000000 -4.2771721255
59.5000000000 3.6235444467
59.5000000000 0.6885749260
60.0000000000 -0.2470856802
60.0000000000 -4.2776800728
60.0000000000 3.6235253252
60.0000000000 0.6881674797
60.5000000000 -0.2474286772
60.5000000000 -4.2781804761
60.5000000000 3.6235065452
60.5000000000 0.6877668775
61.0000000000 -0.2477660514
61.0000000000 -4.2786735026
61.0000000000 3.6234880978
61.0000000000 0.6873729481
61.5000000000 -0.2480979400
61.5000000000 -4.2791593144
61.5000000000 3.6234699742
61.5000000000 0.6869855262
62.0000000000 -0.2484244758
62.0000000000 -4.2796380689
62.0000000000 3.6234521659
62.0000000000 0.6866044516
62.5000000000 -0.2487457873
62.5000000000 -4.2801099192
62.5000000000 3.6234346647
62.5000000000 0.6862295696
63.0000000000 -0.2490619989
63.0000000000 -4.2805750136
63.0000000000 3.6234174629
63.0000000000 0.6858607303
63.5000000000 -0.2493732311
63.5000000000 -4.2810334965
63.5000000000 3.6234005527
63.5000000000 0.6854977888
64.0000000000 -0.2496796008
64.0000000000 -4.2814855080
64.0000000000 3.6233839268
64.0000000000 0.6851406045
64.5000000000 -0.2499812210
64.5000000000 -4.2819311845
64.5000000000 3.6233675781
64.5000000000 0.6847890415
65.0000000000 -0.2502782014
65.0000000000 -4.2823706583
65.0000000000 3.6233514997
65.0000000000 0.6844429681
65.5000000000 -0.2505706483
65.5000000000 -4.2828040582
65.5000000000 3.6233356850
65.5000000000 0.6841022566
66.0000000000 -0.2508586647
66.0000000000 -4.2832315095
66.0000000000 3.6233201276
66.0000000000 0.6837667832
66.5000000000 -0.2511423506
66.5000000000 -4.2836531339
66.5000000000 3.6233048211
66.5000000000 0.6834364281
67.0000000000 -0.2514218030
67.0000000000 -4.2840690501
67.0000000000 3.6232897597
67.0000000000 0.6831110748
67.5000000000 -0.2516971160
67.5000000000 -4.2844793732
67.5000000000 3.6232749374
67.5000000000 0.6827906107
68.0000000000 -0.2519683809
68.0000000000 -4.2848842154
68.0000000000 3.6232603486
68.0000000000 0.6824749262
68.5000000000 -0.2522356865
68.5000000000 -4.2852836861
68.5000000000 3.6232459879
68.5000000000 0.6821639152
69.0000000000 -0.2524991187
69.0000000000 -4.2856778915
69.0000000000 3.6232318498
69.0000000000 0.6818574746
69.5000000000 -0.2527587612
69.5000000000 -4.2860669353
69.5000000000 3.6232179294
69.5000000000 0.6815555044
70.0000000000 -0.2530146953
70.0000000000 -4.2864509182
70.0000000000 3.6232042215
70.0000000000 0.6812579073
