0.000000000000000 0.589109079815589
0.500000000000000 1.003588481642360
1.000000000000000 0.461157992006329
1.500000000000000 0.353740119200021
2.000000000000000 0.221254007770781
2.500000000000000 0.146602048669180
3.000000000000000 0.096424250247131
3.500000000000000 0.064078308091098
4.000000000000000 0.043789053169870
4.500000000000000 0.031167353048925
5.000000000000000 0.023248551009837
5.500000000000000 0.018186292031791
6.000000000000000 0.014880561562600
6.500000000000000 0.012686531712329
7.000000000000000 0.011226752950388
7.500000000000000 0.010281193834028
8.000000000000000 0.009726550046243
8.500000000000000 0.009505727427440
9.000000000000000 0.009618423388988
9.500000000000000 0.010134143263230
10.000000000000000 0.011248820230045
10.500000000000000 0.013476756643089
11.000000000000000 0.018467382397182
11.500000000000000 0.035340388649212
12.000000000000000 0.262506130309217
12.500000000000000 0.023461248557260
13.000000000000000 0.011286067346085
13.500000000000000 0.007031651835072
14.000000000000000 0.004904057196562
14.500000000000000 0.003647467418934
15.000000000000000 0.002829444097801
15.500000000000000 0.002261596974553
16.000000000000000 0.001848967346733
16.500000000000000 0.001538651775253
17.000000000000000 0.001298938478597
17.500000000000000 0.001109724990279
18.000000000000000 0.000957692597079
18.500000000000000 0.000833695556299
19.000000000000000 0.000731264934936
19.500000000000000 0.000645709751009
20.000000000000000 0.000573555220561
20.500000000000000 0.000512179725161
21.000000000000000 0.000459573350685
21.500000000000000 0.000414173218525
22.000000000000000 0.000374748696226
22.500000000000000 0.000340319811359
23.000000000000000 0.000310098253794
23.500000000000000 0.000283444046321
24.000000000000000 0.000259833274734
24.500000000000000 0.000238833748155
25.000000000000000 0.000220086427686
25.500000000000000 0.000203291105891
26.000000000000000 0.000188195256502
26.500000000000000 0.000174585274513
27.000000000000000 0.000162279537025
27.500000000000000 0.000151122864013
28.000000000000000 0.000140982064854
28.500000000000000 0.000131742333827
29.000000000000000 0.000123304314460
29.500000000000000 0.000115581694578
30.000000000000000 0.000108499225217
