0.000000000000000 0.311221111540696
0.500000000000000 0.095380829776535
1.000000000000000 0.137845439266245
1.500000000000000 0.107364168823513
2.000000000000000 0.109312759988091
2.500000000000000 0.100483879852520
3.000000000000000 0.107783095213701
3.500000000000000 0.081052814980286
4.000000000000000 0.058670474939848
4.500000000000000 0.042125992299148
5.000000000000000 0.030583997498571
5.500000000000000 0.020189755868932
6.000000000000000 0.010173533445470
6.500000000000000 0.007868151682407
7.000000000000000 0.013225419459674
7.500000000000000 0.008452346328089
8.000000000000000 0.005862096846564
8.500000000000000 0.009521227515018
9.000000000000000 0.003959495590287
9.500000000000000 0.006726330545010
10.000000000000000 0.004467505120614
10.500000000000000 0.004308870819609
11.000000000000000 0.004180170106435
11.500000000000000 0.002651444459642
12.000000000000000 0.004289751753923
12.500000000000000 0.001308575039362
13.000000000000000 0.004213511162057
13.500000000000000 0.001484961567195
14.000000000000000 0.001252288411932
14.500000000000000 0.003509831054141
15.000000000000000 0.000713768624885
15.500000000000000 0.001965406177708
16.000000000000000 0.001638301780088
16.500000000000000 0.001091961641424
17.000000000000000 0.001253019508916
17.500000000000000 0.001708467315057
18.000000000000000 0.000685578845853
18.500000000000000 0.000499800144064
19.000000000000000 0.001825342398162
19.500000000000000 0.000198459639892
20.000000000000000 0.000847548689776
20.500000000000000 0.000778984515126
21.000000000000000 0.000437331866570
21.500000000000000 0.000812645235585
22.000000000000000 0.000260356514460
22.500000000000000 0.000801624103038
23.000000000000000 0.000286879736039
23.500000000000000 0.000424826423200
24.000000000000000 0.000520142775475
24.500000000000000 0.000451915652916
25.000000000000000 0.000338935453558
25.500000000000000 0.000234799368455
26.000000000000000 0.000686340524548
26.500000000000000 0.000060012418967
27.000000000000000 0.000426714639492
27.500000000000000 0.000363167152521
28.000000000000000 0.000110608891671
28.500000000000000 0.000452897266054
29.000000000000000 0.000196780860758
29.500000000000000 0.000247668426626
30.000000000000000 0.000145684179293
