0.0000000000 -0.8798394914
0.0000000000 -5.3571941092
0.5000000000 -0.3413482704
0.5000000000 -6.1427154340
1.0000000000 0.1389014774
1.0000000000 -7.1252935159
1.5000000000 0.5687482156
1.5000000000 -8.6826339113
2.0000000000 0.9461935305
2.5000000000 1.2649918538
3.0000000000 1.5187855447
3.5000000000 1.7051880851
4.0000000000 1.8283732274
4.5000000000 1.8985062175
5.0000000000 1.9286682233
5.5000000000 1.9315807559
6.0000000000 1.9177009248
6.5000000000 1.8947144947
7.0000000000 1.8678174558
7.5000000000 1.8402657313
8.0000000000 1.8139255753
8.5000000000 1.7897288062
9.0000000000 1.7680165679
9.5000000000 1.7487839219
10.0000000000 1.7318443198
10.5000000000 1.7169366788
11.0000000000 1.7037837098
11.5000000000 1.6921266624
12.0000000000 1.6817386717
12.5000000000 1.6724279552
13.0000000000 1.6640355249
13.5000000000 1.6564306578
14.0000000000 1.6495059318
14.5000000000 1.6431726941
15.0000000000 1.6373572702
15.5000000000 1.6319979370
16.0000000000 1.6270425611
16.5000000000 1.6224467687
17.0000000000 1.6181725253
17.5000000000 1.6141870232
18.0000000000 1.6104618015
18.5000000000 1.6069720425
19.0000000000 1.6036960019
19.5000000000 1.6006145448
20.0000000000 1.5977107642
20.5000000000 1.5949696639
21.0000000000 1.5923778953
21.5000000000 1.5899235366
22.0000000000 1.5875959062
22.5000000000 1.5853854049
23.0000000000 1.5832833823
23.5000000000 1.5812820216
24.0000000000 1.5793742414
24.5000000000 1.5775536112
25.0000000000 1.5758142778
25.5000000000 1.5741509018
26.0000000000 1.5725586027
26.5000000000 1.5710329101
27.0000000000 1.5695697216
27.5000000000 1.5681652655
28.0000000000 1.5668160684
28.5000000000 1.5655189257
29.0000000000 1.5642708766
29.5000000000 1.5630691809
30.0000000000 1.5619112990
