50.000000000000000 0.000208548724815
50.500000000000000 0.000202388769354
51.000000000000000 0.000196469347373
51.500000000000000 0.000190778817734
52.000000000000000 0.000185306209693
52.500000000000000 0.000180041178236
53.000000000000000 0.000174973962787
53.500000000000000 0.000170095349002
54.000000000000000 0.000165396633399
54.500000000000000 0.000160869590580
55.000000000000000 0.000156506442837
55.500000000000000 0.000152299831952
56.000000000000000 0.000148242793012
56.500000000000000 0.000144328730067
57.000000000000000 0.000140551393514
57.500000000000000 0.000136904859033
58.000000000000000 0.000133383507995
58.500000000000000 0.000129982009192
59.000000000000000 0.000126695301819
59.500000000000000 0.000123518579587
60.000000000000000 0.000120447275905
60.500000000000000 0.000117477050034
61.000000000000000 0.000114603774151
61.500000000000000 0.000111823530194
62.000000000000000 0.000109132561854
62.500000000000000 0.000106527320495
63.000000000000000 0.000104004416513
63.500000000000000 0.000101560620002
64.000000000000000 0.000099192852033
64.500000000000000 0.000096898176477
65.000000000000000 0.000094673792338
65.500000000000000 0.000092517026539
66.000000000000000 0.000090425327160
66.500000000000000 0.000088396257068
67.000000000000000 0.000086427487938
67.500000000000000 0.000084516794624
68.000000000000000 0.000082662049857
68.500000000000000 0.000080861219255
69.000000000000000 0.000079112356628
69.500000000000000 0.000077413599538
70.000000000000000 0.000075763165129
