50.000000000000000 0.000138677918292
50.500000000000000 0.000135635567488
51.000000000000000 0.000132619859269
51.500000000000000 0.000129602620852
52.000000000000000 0.000126561150733
52.500000000000000 0.000123478509841
53.000000000000000 0.000120343647356
53.500000000000000 0.000117151361407
54.000000000000000 0.000113902099695
54.500000000000000 0.000110601609608
55.000000000000000 0.000107260451614
55.500000000000000 0.000103893393247
56.000000000000000 0.000100518704228
56.500000000000000 0.000097157375382
57.000000000000000 0.000093832285942
57.500000000000000 0.000090567344475
58.000000000000000 0.000087386628998
58.500000000000000 0.000084313551098
59.000000000000000 0.000081370067690
59.500000000000000 0.000078575961963
60.000000000000000 0.000075948212616
60.500000000000000 0.000073500467345
61.000000000000000 0.000071242633285
61.500000000000000 0.000069180593113
62.000000000000000 0.000067316051967
62.500000000000000 0.000065646516128
63.000000000000000 0.000064165400672
63.500000000000000 0.000062862259562
64.000000000000000 0.000061723128254
64.500000000000000 0.000060730965659
65.000000000000000 0.000059866180105
65.500000000000000 0.000059107221306
66.000000000000000 0.000058431219283
66.500000000000000 0.000057814650000
67.000000000000000 0.000057234007247
67.500000000000000 0.000056666460591
68.000000000000000 0.000056090480062
68.500000000000000 0.000055486409699
69.000000000000000 0.000054836973959
69.500000000000000 0.000054127703420
70.000000000000000 0.000053347268693
