50.0000000000 -0.4886967246
50.0000000000 -2.7547828469
50.0000000000 2.6921980752
50.0000000000 0.6205800561
50.5000000000 -0.4890212745
50.5000000000 -2.7549050400
50.5000000000 2.6921034826
50.5000000000 0.6202282917
51.0000000000 -0.4893395051
51.0000000000 -2.7550249922
51.0000000000 2.6920108808
51.0000000000 0.6198835143
51.5000000000 -0.4896515991
51.5000000000 -2.7551427645
51.5000000000 2.6919202076
51.5000000000 0.6195455178
52.0000000000 -0.4899577324
52.0000000000 -2.7552584158
52.0000000000 2.6918314035
52.0000000000 0.6192141038
52.5000000000 -0.4902580743
52.5000000000 -2.7553720030
52.5000000000 2.6917444111
52.5000000000 0.6188890819
53.0000000000 -0.4905527876
53.0000000000 -2.7554835808
53.0000000000 2.6916591756
53.0000000000 0.6185702688
53.5000000000 -0.4908420291
53.5000000000 -2.7555932021
53.5000000000 2.6915756443
53.5000000000 0.6182574883
54.0000000000 -0.4911259500
54.0000000000 -2.7557009179
54.0000000000 2.6914937666
54.0000000000 0.6179505705
54.5000000000 -0.4914046957
54.5000000000 -2.7558067775
54.5000000000 2.6914134939
54.5000000000 0.6176493522
55.0000000000 -0.4916784065
55.0000000000 -2.7559108284
55.0000000000 2.6913347794
55.0000000000 0.6173536759
55.5000000000 -0.4919472177
55.5000000000 -2.7560131166
55.5000000000 2.6912575782
55.5000000000 0.6170633901
56.0000000000 -0.4922112597
56.0000000000 -2.7561136865
56.0000000000 2.6911818470
56.0000000000 0.6167783485
56.5000000000 -0.4924706584
56.5000000000 -2.7562125811
56.5000000000 2.6911075444
56.5000000000 0.6164984104
57.0000000000 -0.4927255352
57.0000000000 -2.7563098419
57.0000000000 2.6910346301
57.0000000000 0.6162234397
57.5000000000 -0.4929760074
57.5000000000 -2.7564055091
57.5000000000 2.6909630657
57.5000000000 0.6159533054
58.0000000000 -0.4932221882
58.0000000000 -2.7564996214
58.0000000000 2.6908928141
58.0000000000 0.6156878809
58.5000000000 -0.4934641870
58.5000000000 -2.7565922165
58.5000000000 2.6908238394
58.5000000000 0.6154270441
59.0000000000 -0.4937021096
59.0000000000 -2.7566833309
59.0000000000 2.6907561071
59.0000000000 0.6151706770
59.5000000000 -0.4939360581
59.5000000000 -2.7567729997
59.5000000000 2.6906895839
59.5000000000 0.6149186657
60.0000000000 -0.4941661312
60.0000000000 -2.7568612571
60.0000000000 2.6906242379
60.0000000000 0.6146709000
60.5000000000 -0.4943924245
60.5000000000 -2.7569481361
60.5000000000 2.6905600379
60.5000000000 0.6144272735
61.0000000000 -0.4946150305
61.0000000000 -2.7570336688
61.0000000000 2.6904969541
61.0000000000 0.6141876833
61.5000000000 -0.4948337015
61.5000000000 -2.7571178863
61.5000000000 2.6904349576
61.5000000000 0.6139520299
62.0000000000 -0.4950492255
62.0000000000 -2.7572008186
62.0000000000 2.6903740206
62.0000000000 0.6137202169
62.5000000000 -0.4952613203
62.5000000000 -2.7572824950
62.5000000000 2.6903141162
62.5000000000 0.6134921513
63.0000000000 -0.4954700672
63.0000000000 -2.7573629437
63.0000000000 2.6902552183
63.0000000000 0.6132677429
63.5000000000 -0.4956755449
63.5000000000 -2.7574421923
63.5000000000 2.6901973017
63.5000000000 0.6130469044
64.0000000000 -0.4958778295
64.0000000000 -2.7575202674
64.0000000000 2.6901403421
64.0000000000 0.6128295512
64.5000000000 -0.4960769951
64.5000000000 -2.7575971949
64.5000000000 2.6900843161
64.5000000000 0.6126156014
65.0000000000 -0.4962731130
65.0000000000 -2.7576729999
65.0000000000 2.6900292007
65.0000000000 0.6124049757
65.5000000000 -0.4964662529
65.5000000000 -2.7577477068
65.5000000000 2.6899749741
65.5000000000 0.6121975973
66.0000000000 -0.4966564820
66.0000000000 -2.7578213393
66.0000000000 2.6899216149
66.0000000000 0.6119933915
66.5000000000 -0.4968438657
66.5000000000 -2.7578939204
66.5000000000 2.6898691024
66.5000000000 0.6117922861
67.0000000000 -0.4970284673
67.0000000000 -2.7579654724
67.0000000000 2.6898174167
67.0000000000 0.6115942109
67.5000000000 -0.4972103484
67.5000000000 -2.7580360171
67.5000000000 2.6897665383
67.5000000000 0.6113990981
68.0000000000 -0.4973895687
68.0000000000 -2.7581055757
68.0000000000 2.6897164485
68.0000000000 0.6112068816
68.5000000000 -0.4975661862
68.5000000000 -2.7581741686
68.5000000000 2.6896671291
68.5000000000 0.6110174973
69.0000000000 -0.4977402571
69.0000000000 -2.7582418158
69.0000000000 2.6896185625
69.0000000000 0.6108308832
69.5000000000 -0.4979118362
69.5000000000 -2.7583085368
69.5000000000 2.6895707315
69.5000000000 0.6106469788
70.0000000000 -0.4980809766
70.0000000000 -2.7583743504
70.0000000000 2.6895236196
70.0000000000 0.6104657255
