30.000000 0.000021
30.500000 0.000020
31.000000 0.000019
31.500000 0.000018
32.000000 0.000017
32.500000 0.000017
33.000000 0.000016
33.500000 0.000015
34.000000 0.000015
34.500000 0.000014
35.000000 0.000013
35.500000 0.000013
36.000000 0.000012
36.500000 0.000012
37.000000 0.000012
37.500000 0.000011
38.000000 0.000011
38.500000 0.000010
39.000000 0.000010
39.500000 0.000010
40.000000 0.000009
40.500000 0.000009
41.000000 0.000009
41.500000 0.000008
42.000000 0.000008
42.500000 0.000008
43.000000 0.000008
43.500000 0.000007
44.000000 0.000007
44.500000 0.000007
45.000000 0.000007
45.500000 0.000006
46.000000 0.000006
46.500000 0.000006
47.000000 0.000006
