30.000000 0.000092
30.500000 0.000087
31.000000 0.000076
31.500000 0.000060
32.000000 0.000043
32.500000 0.000026
33.000000 0.000012
33.500000 0.000003
34.000000 0.000000
34.500000 0.000003
35.000000 0.000012
35.500000 0.000023
36.000000 0.000037
36.500000 0.000049
37.000000 0.000059
37.500000 0.000064
38.000000 0.000065
38.500000 0.000060
39.000000 0.000051
39.500000 0.000040
40.000000 0.000027
40.500000 0.000016
41.000000 0.000007
41.500000 0.000002
42.000000 0.000002
42.500000 0.000005
43.000000 0.000013
43.500000 0.000022
44.000000 0.000032
44.500000 0.000041
45.000000 0.000048
45.500000 0.000051
46.000000 0.000050
46.500000 0.000046
47.000000 0.000039
