30.000000000000000 0.000108499225217
30.500000000000000 0.000101991080242
31.000000000000000 0.000095999491383
31.500000000000000 0.000090473607200
32.000000000000000 0.000085368535034
32.500000000000000 0.000080644533263
33.000000000000000 0.000076266327575
33.500000000000000 0.000072202530046
34.000000000000000 0.000068425143791
34.500000000000000 0.000064909139138
35.000000000000000 0.000061632089816
35.500000000000000 0.000058573859675
36.000000000000000 0.000055716332132
36.500000000000000 0.000053043175814
37.000000000000000 0.000050539641037
37.500000000000000 0.000048192382560
38.000000000000000 0.000045989304859
38.500000000000000 0.000043919426712
39.000000000000000 0.000041972762414
39.500000000000000 0.000040140217348
40.000000000000000 0.000038413495964
40.500000000000000 0.000036785020538
41.000000000000000 0.000035247859284
41.500000000000000 0.000033795662638
42.000000000000000 0.000032422606655
42.500000000000000 0.000031123342652
43.000000000000000 0.000029892952321
43.500000000000000 0.000028726907642
44.000000000000000 0.000027621035038
44.500000000000000 0.000026571483254
45.000000000000000 0.000025574694544
45.500000000000000 0.000024627378776
46.000000000000000 0.000023726490125
46.500000000000000 0.000022869206073
47.000000000000000 0.000022052908453
47.500000000000000 0.000021275166318
48.000000000000000 0.000020533720441
48.500000000000000 0.000019826469266
49.000000000000000 0.000019151456172
49.500000000000000 0.000018506857890
50.000000000000000 0.000017890973985
