30.000000000000000 0.000145684179293
30.500000000000000 0.000371198664934
31.000000000000000 0.000140544408274
31.500000000000000 0.000086521598037
32.000000000000000 0.000325128742244
32.500000000000000 0.000049611153435
33.000000000000000 0.000214090970348
33.500000000000000 0.000105193009740
34.000000000000000 0.000129266887406
34.500000000000000 0.000157632766726
35.000000000000000 0.000087159955612
35.500000000000000 0.000131767886450
36.000000000000000 0.000113496625770
36.500000000000000 0.000118029815214
37.000000000000000 0.000053584256346
37.500000000000000 0.000180876497324
38.000000000000000 0.000075494702596
38.500000000000000 0.000057164842861
39.000000000000000 0.000135458275380
39.500000000000000 0.000120420504568
40.000000000000000 0.000030539704710
40.500000000000000 0.000127295728225
41.000000000000000 0.000109411275280
41.500000000000000 0.000033707305675
42.000000000000000 0.000088314562274
42.500000000000000 0.000129727915325
43.000000000000000 0.000029399839523
43.500000000000000 0.000069155988819
44.000000000000000 0.000101579727232
44.500000000000000 0.000046624851972
45.000000000000000 0.000038902999106
45.500000000000000 0.000092821281024
46.000000000000000 0.000050116165588
46.500000000000000 0.000031647196854
47.000000000000000 0.000072933422251
47.500000000000000 0.000044831282836
48.000000000000000 0.000032450985133
48.500000000000000 0.000051581197964
49.000000000000000 0.000041248661490
49.500000000000000 0.000032539154311
50.000000000000000 0.000041388321296
