30.0000000000 1.5619112990
30.5000000000 1.5607948737
31.0000000000 1.5597177144
31.5000000000 1.5586777821
32.0000000000 1.5576731770
32.5000000000 1.5567021265
33.0000000000 1.5557629747
33.5000000000 1.5548541734
34.0000000000 1.5539742726
34.5000000000 1.5531219137
35.0000000000 1.5522958220
35.5000000000 1.5514948003
36.0000000000 1.5507177230
36.5000000000 1.5499635313
37.0000000000 1.5492312276
37.5000000000 1.5485198719
38.0000000000 1.5478285770
38.5000000000 1.5471565053
39.0000000000 1.5465028653
39.5000000000 1.5458669082
40.0000000000 1.5452479254
40.5000000000 1.5446452457
41.0000000000 1.5440582327
41.5000000000 1.5434862831
42.0000000000 1.5429288237
42.5000000000 1.5423853105
43.0000000000 1.5418552260
43.5000000000 1.5413380784
44.0000000000 1.5408333994
44.5000000000 1.5403407431
45.0000000000 1.5398596847
45.5000000000 1.5393898191
46.0000000000 1.5389307599
46.5000000000 1.5384821382
47.0000000000 1.5380436019
47.5000000000 1.5376148145
48.0000000000 1.5371954543
48.5000000000 1.5367852135
49.0000000000 1.5363837977
49.5000000000 1.5359909250
50.0000000000 1.5356063255
