50.000000000000000 0.000084758956790
50.500000000000000 0.000081926408107
51.000000000000000 0.000079217954835
51.500000000000000 0.000076626841299
52.000000000000000 0.000074146845601
52.500000000000000 0.000071772103817
53.000000000000000 0.000069497117942
53.500000000000000 0.000067316729622
54.000000000000000 0.000065226096001
54.500000000000000 0.000063220667523
55.000000000000000 0.000061296167478
55.500000000000000 0.000059448573171
56.000000000000000 0.000057674098550
56.500000000000000 0.000055969178179
57.000000000000000 0.000054330452429
57.500000000000000 0.000052754753802
58.000000000000000 0.000051239094272
58.500000000000000 0.000049780653570
59.000000000000000 0.000048376768335
59.500000000000000 0.000047024922055
60.000000000000000 0.000045722735734
60.500000000000000 0.000044467959234
61.000000000000000 0.000043258463230
61.500000000000000 0.000042092231734
62.000000000000000 0.000040967355136
62.500000000000000 0.000039882023736
63.000000000000000 0.000038834521716
63.500000000000000 0.000037823221523
64.000000000000000 0.000036846578632
64.500000000000000 0.000035903126660
65.000000000000000 0.000034991472809
65.500000000000000 0.000034110293601
66.000000000000000 0.000033258330901
66.500000000000000 0.000032434388195
67.000000000000000 0.000031637327105
67.500000000000000 0.000030866064131
68.000000000000000 0.000030119567594
68.500000000000000 0.000029396854782
69.000000000000000 0.000028696989260
69.500000000000000 0.000028019078360
70.000000000000000 0.000027362270815
