50.000000000000000 0.000014162104534
50.500000000000000 0.000077770699207
51.000000000000000 0.000157575575384
51.500000000000000 0.000205871824623
52.000000000000000 0.000191176265638
52.500000000000000 0.000121509703774
53.000000000000000 0.000041665869819
53.500000000000000 0.000001599446286
54.000000000000000 0.000021178001589
54.500000000000000 0.000080224101878
55.000000000000000 0.000137863391581
55.500000000000000 0.000160592279595
56.000000000000000 0.000138349865139
56.500000000000000 0.000084765092427
57.000000000000000 0.000028593660638
57.500000000000000 0.000000854679909
58.000000000000000 0.000018877671072
58.500000000000000 0.000073611857111
59.000000000000000 0.000131618085044
59.500000000000000 0.000155506877314
60.000000000000000 0.000129875499491
60.500000000000000 0.000072089982415
61.000000000000000 0.000018951423754
61.500000000000000 0.000000673293292
62.000000000000000 0.000022726336356
62.500000000000000 0.000066730702624
63.000000000000000 0.000105236875039
63.500000000000000 0.000117579480517
64.000000000000000 0.000098422620206
64.500000000000000 0.000058320775465
65.000000000000000 0.000018456479971
65.500000000000000 0.000000818130479
66.000000000000000 0.000016191394434
66.500000000000000 0.000056199972112
67.000000000000000 0.000096456339595
67.500000000000000 0.000111363297233
68.000000000000000 0.000091345587883
68.500000000000000 0.000049656726830
69.000000000000000 0.000013093728631
69.500000000000000 0.000003429242969
70.000000000000000 0.000023374118954
