40.000000000000000 0.000020930867071
40.500000000000000 0.000022946119316
41.000000000000000 0.000024825636682
41.500000000000000 0.000026413795558
42.000000000000000 0.000027580447500
42.500000000000000 0.000028227754884
43.000000000000000 0.000028294853836
43.500000000000000 0.000027760140690
44.000000000000000 0.000026641126227
44.500000000000000 0.000024991948208
45.000000000000000 0.000022898768963
45.500000000000000 0.000020473403144
46.000000000000000 0.000017845614914
46.500000000000000 0.000015154588991
47.000000000000000 0.000012540113181
47.500000000000000 0.000010134010285
48.000000000000000 0.000008052325642
48.500000000000000 0.000006388715734
49.000000000000000 0.000005209397911
49.500000000000000 0.000004549916958
50.000000000000000 0.000004413867848
50.500000000000000 0.000004773592718
51.000000000000000 0.000005572751275
51.500000000000000 0.000006730554495
52.000000000000000 0.000008147357762
52.500000000000000 0.000009711236752
53.000000000000000 0.000011305121062
53.500000000000000 0.000012814039077
54.000000000000000 0.000014132033353
54.500000000000000 0.000015168337850
55.000000000000000 0.000015852464003
55.500000000000000 0.000016137917910
56.000000000000000 0.000016004360896
56.500000000000000 0.000015458124514
57.000000000000000 0.000014531092635
57.500000000000000 0.000013278061402
58.000000000000000 0.000011772776754
58.500000000000000 0.000010102923899
59.000000000000000 0.000008364399339
59.500000000000000 0.000006655230865
60.000000000000000 0.000005069523160
