40.000000000000000 0.000022016774224
40.500000000000000 0.000021564483788
41.000000000000000 0.000021061095894
41.500000000000000 0.000020493963832
42.000000000000000 0.000019856930121
42.500000000000000 0.000019150344199
43.000000000000000 0.000018380696907
43.500000000000000 0.000017559905986
44.000000000000000 0.000016704306482
44.500000000000000 0.000015833415782
45.000000000000000 0.000014968554159
45.500000000000000 0.000014131407765
46.000000000000000 0.000013342621684
46.500000000000000 0.000012620506127
47.000000000000000 0.000011979929520
47.500000000000000 0.000011431458819
48.000000000000000 0.000010980790764
48.500000000000000 0.000010628499083
49.000000000000000 0.000010370102991
49.500000000000000 0.000010196442965
50.000000000000000 0.000010094331754
50.500000000000000 0.000010047433061
51.000000000000000 0.000010037308034
51.500000000000000 0.000010044561292
52.000000000000000 0.000010050014773
52.500000000000000 0.000010035836045
53.000000000000000 0.000009986556468
53.500000000000000 0.000009889918133
54.000000000000000 0.000009737504399
54.500000000000000 0.000009525121172
55.000000000000000 0.000009252912561
55.500000000000000 0.000008925210931
56.000000000000000 0.000008550137410
56.500000000000000 0.000008138983575
57.000000000000000 0.000007705417423
57.500000000000000 0.000007264566323
58.000000000000000 0.000006832035639
58.500000000000000 0.000006422924226
59.000000000000000 0.000006050896567
59.500000000000000 0.000005727366481
60.000000000000000 0.000005460839155
