50.0000000000 0.2956685972
50.0000000000 4.5856559948
50.0000000000 1.2804609996
50.5000000000 0.2950855218
50.5000000000 4.5858870161
50.5000000000 1.2796079785
51.0000000000 0.2945140955
51.0000000000 4.5861129296
51.0000000000 1.2787710816
51.5000000000 0.2939539725
51.5000000000 4.5863339028
51.5000000000 1.2779524446
52.0000000000 0.2934048203
52.0000000000 4.5865500960
52.0000000000 1.2771502152
52.5000000000 0.2928663195
52.5000000000 4.5867616626
52.5000000000 1.2763639044
53.0000000000 0.2923381630
53.0000000000 4.5869687495
53.0000000000 1.2755930423
53.5000000000 0.2918200553
53.5000000000 4.5871714974
53.5000000000 1.2748371774
54.0000000000 0.2913117121
54.0000000000 4.5873700413
54.0000000000 1.2740958757
54.5000000000 0.2908128597
54.5000000000 4.5875645106
54.5000000000 1.2733687198
55.0000000000 0.2903232346
55.0000000000 4.5877550293
55.0000000000 1.2726553079
55.5000000000 0.2898425830
55.5000000000 4.5879417168
55.5000000000 1.2719552537
56.0000000000 0.2893706602
56.0000000000 4.5881246872
56.0000000000 1.2712681849
56.5000000000 0.2889072304
56.5000000000 4.5883040506
56.5000000000 1.2705937431
57.0000000000 0.2884520663
57.0000000000 4.5884799125
57.0000000000 1.2699315830
57.5000000000 0.2880049485
57.5000000000 4.5886523745
57.5000000000 1.2692813717
58.0000000000 0.2875656654
58.0000000000 4.5888215342
58.0000000000 1.2686427882
58.5000000000 0.2871340127
58.5000000000 4.5889874854
58.5000000000 1.2680155232
59.0000000000 0.2867097932
59.0000000000 4.5891503188
59.0000000000 1.2673992779
59.5000000000 0.2862928164
59.5000000000 4.5893101211
59.5000000000 1.2667937642
60.0000000000 0.2858828983
60.0000000000 4.5894669764
60.0000000000 1.2661987037
60.5000000000 0.2854798611
60.5000000000 4.5896209654
60.5000000000 1.2656138281
61.0000000000 0.2850835328
61.0000000000 4.5897721658
61.0000000000 1.2650388776
61.5000000000 0.2846937472
61.5000000000 4.5899206528
61.5000000000 1.2644736014
62.0000000000 0.2843103435
62.0000000000 4.5900664988
62.0000000000 1.2639177572
62.5000000000 0.2839331662
62.5000000000 4.5902097735
62.5000000000 1.2633711106
63.0000000000 0.2835620647
63.0000000000 4.5903505444
63.0000000000 1.2628334350
63.5000000000 0.2831968934
63.5000000000 4.5904888765
63.5000000000 1.2623045112
64.0000000000 0.2828375111
64.0000000000 4.5906248327
64.0000000000 1.2617841268
64.5000000000 0.2824837811
64.5000000000 4.5907584736
64.5000000000 1.2612720768
65.0000000000 0.2821355712
65.0000000000 4.5908898578
65.0000000000 1.2607681621
65.5000000000 0.2817927530
65.5000000000 4.5910190421
65.5000000000 1.2602721902
66.0000000000 0.2814552022
66.0000000000 4.5911460812
66.0000000000 1.2597839748
66.5000000000 0.2811227983
66.5000000000 4.5912710281
66.5000000000 1.2593033350
67.0000000000 0.2807954243
67.0000000000 4.5913939340
67.0000000000 1.2588300958
67.5000000000 0.2804729669
67.5000000000 4.5915148486
67.5000000000 1.2583640874
68.0000000000 0.2801553162
68.0000000000 4.5916338199
68.0000000000 1.2579051451
68.5000000000 0.2798423654
68.5000000000 4.5917508943
68.5000000000 1.2574531093
69.0000000000 0.2795340109
69.0000000000 4.5918661168
69.0000000000 1.2570078253
69.5000000000 0.2792301521
69.5000000000 4.5919795310
69.5000000000 1.2565691426
70.0000000000 0.2789306914
70.0000000000 4.5920911792
70.0000000000 1.2561369154
