0.000000000000000 0.037254205562612
0.500000000000000 0.073047293690161
1.000000000000000 0.144630463539803
1.500000000000000 0.180965465258410
2.000000000000000 0.147164251830589
2.500000000000000 0.103783268402728
3.000000000000000 0.085746592729938
3.500000000000000 0.088130650517427
4.000000000000000 0.096474874713766
4.500000000000000 0.097819501214208
5.000000000000000 0.088721372905481
5.500000000000000 0.074472200788341
6.000000000000000 0.060711377427338
6.500000000000000 0.049538588851429
7.000000000000000 0.040826383545092
7.500000000000000 0.033957041749127
8.000000000000000 0.028456499786889
8.500000000000000 0.024020158633541
9.000000000000000 0.020430099786279
9.500000000000000 0.017512370106170
10.000000000000000 0.015125534068621
10.500000000000000 0.013157145505281
11.000000000000000 0.011519882115262
11.500000000000000 0.010146729517632
12.000000000000000 0.008986223990692
12.500000000000000 0.007998503222931
13.000000000000000 0.007152346014266
13.500000000000000 0.006423039335987
14.000000000000000 0.005790839642040
14.500000000000000 0.005239844952594
15.000000000000000 0.004757154712680
15.500000000000000 0.004332235710289
16.000000000000000 0.003956438002533
16.500000000000000 0.003622621457669
17.000000000000000 0.003324864805049
17.500000000000000 0.003058236878901
18.000000000000000 0.002818615199295
18.500000000000000 0.002602540911324
19.000000000000000 0.002407101895514
19.500000000000000 0.002229837895651
20.000000000000000 0.002068663004121
20.500000000000000 0.001921801951474
21.000000000000000 0.001787737472144
21.500000000000000 0.001665166637666
22.000000000000000 0.001552964515925
22.500000000000000 0.001450153869158
23.000000000000000 0.001355879872894
23.500000000000000 0.001269389043574
24.000000000000000 0.001190011719970
24.500000000000000 0.001117147564068
25.000000000000000 0.001050253639788
25.500000000000000 0.000988834699252
26.000000000000000 0.000932435361594
26.500000000000000 0.000880633912190
27.000000000000000 0.000833037484082
27.500000000000000 0.000789278410197
28.000000000000000 0.000749011557045
28.500000000000000 0.000711912468885
29.000000000000000 0.000677676167276
29.500000000000000 0.000646016465179
30.000000000000000 0.000616665667981
30.500000000000000 0.000589374546505
31.000000000000000 0.000563912479095
31.500000000000000 0.000540067672592
32.000000000000000 0.000517647383606
32.500000000000000 0.000496478074082
33.000000000000000 0.000476405447036
33.500000000000000 0.000457294320499
34.000000000000000 0.000439028309094
34.500000000000000 0.000421509294331
35.000000000000000 0.000404656675112
35.500000000000000 0.000388406400019
36.000000000000000 0.000372709792156
36.500000000000000 0.000357532185130
37.000000000000000 0.000342851396008
37.500000000000000 0.000328656066511
38.000000000000000 0.000314943908254
38.500000000000000 0.000301719890801
39.000000000000000 0.000288994413004
39.500000000000000 0.000276781498551
40.000000000000000 0.000265097055279
40.500000000000000 0.000253957236582
41.000000000000000 0.000243376938892
41.500000000000000 0.000233368465980
42.000000000000000 0.000223940385384
42.500000000000000 0.000215096596856
43.000000000000000 0.000206835626609
43.500000000000000 0.000199150155031
44.000000000000000 0.000192026778867
44.500000000000000 0.000185446003018
45.000000000000000 0.000179382450851
45.500000000000000 0.000173805276535
46.000000000000000 0.000168678758043
46.500000000000000 0.000163963045187
47.000000000000000 0.000159615033736
47.500000000000000 0.000155589334171
48.000000000000000 0.000151839302100
48.500000000000000 0.000148318096735
49.000000000000000 0.000144979734245
49.500000000000000 0.000141780104057
50.000000000000000 0.000138677918292
50.500000000000000 0.000135635567488
51.000000000000000 0.000132619859269
51.500000000000000 0.000129602620852
52.000000000000000 0.000126561150733
52.500000000000000 0.000123478509841
53.000000000000000 0.000120343647356
53.500000000000000 0.000117151361407
54.000000000000000 0.000113902099695
54.500000000000000 0.000110601609608
55.000000000000000 0.000107260451614
55.500000000000000 0.000103893393247
56.000000000000000 0.000100518704228
56.500000000000000 0.000097157375382
57.000000000000000 0.000093832285942
57.500000000000000 0.000090567344475
58.000000000000000 0.000087386628998
58.500000000000000 0.000084313551098
59.000000000000000 0.000081370067690
59.500000000000000 0.000078575961963
60.000000000000000 0.000075948212616
60.500000000000000 0.000073500467345
61.000000000000000 0.000071242633285
61.500000000000000 0.000069180593113
62.000000000000000 0.000067316051967
62.500000000000000 0.000065646516128
63.000000000000000 0.000064165400672
63.500000000000000 0.000062862259562
64.000000000000000 0.000061723128254
64.500000000000000 0.000060730965659
65.000000000000000 0.000059866180105
65.500000000000000 0.000059107221306
66.000000000000000 0.000058431219283
66.500000000000000 0.000057814650000
67.000000000000000 0.000057234007247
67.500000000000000 0.000056666460591
68.000000000000000 0.000056090480062
68.500000000000000 0.000055486409699
69.000000000000000 0.000054836973959
69.500000000000000 0.000054127703420
70.000000000000000 0.000053347268693
