0.000000000000000 0.168687396765406
0.500000000000000 0.358955568220564
1.000000000000000 0.144407477951525
1.500000000000000 0.184419071336273
2.000000000000000 0.056676640829539
2.500000000000000 0.105662598368899
3.000000000000000 0.055071400543520
3.500000000000000 0.033183001618944
4.000000000000000 0.026484680758449
4.500000000000000 0.052003734938028
5.000000000000000 0.024718108429608
5.500000000000000 0.009766557510344
6.000000000000000 0.018515956685766
6.500000000000000 0.035855220867780
7.000000000000000 0.049163573841927
7.500000000000000 0.052644075819032
8.000000000000000 0.046301912636131
8.500000000000000 0.033919187723784
9.000000000000000 0.020643804434368
9.500000000000000 0.011014351673224
10.000000000000000 0.007429984753981
10.500000000000000 0.009139721550985
11.000000000000000 0.012914857145170
11.500000000000000 0.015354721694869
12.000000000000000 0.014737388293688
12.500000000000000 0.011294839255922
13.000000000000000 0.006664240966240
13.500000000000000 0.002982828123939
14.000000000000000 0.001641835838893
14.500000000000000 0.002516698137475
15.000000000000000 0.004373560474990
15.500000000000000 0.005820939672419
16.000000000000000 0.005950042765683
16.500000000000000 0.004648223919017
17.000000000000000 0.002643947041396
17.500000000000000 0.001027945066135
18.000000000000000 0.000498063677797
18.500000000000000 0.001023864707245
19.000000000000000 0.002064889265162
19.500000000000000 0.002922262703766
20.000000000000000 0.003050707812240
20.500000000000000 0.002361243243952
21.000000000000000 0.001285636261995
21.500000000000000 0.000437562246135
22.000000000000000 0.000189595027231
22.500000000000000 0.000536157623909
23.000000000000000 0.001189597767316
23.500000000000000 0.001727754445090
24.000000000000000 0.001803114865484
24.500000000000000 0.001371528407886
25.000000000000000 0.000716310398599
25.500000000000000 0.000212906154435
26.000000000000000 0.000082876225769
26.500000000000000 0.000325432029486
27.000000000000000 0.000761685444788
27.500000000000000 0.001114706427362
28.000000000000000 0.001155610332583
28.500000000000000 0.000862398710587
29.000000000000000 0.000429810571611
29.500000000000000 0.000107611778634
30.000000000000000 0.000038540800121
