0.0000000000 -0.9239323427
0.0000000000 -3.0963111000
0.5000000000 -0.3451062030
0.5000000000 -3.5992191462
1.0000000000 0.1211674495
1.0000000000 -4.0363319725
1.5000000000 0.5019084296
1.5000000000 -4.4524522956
2.0000000000 0.7932481893
2.0000000000 -4.8653887539
2.5000000000 0.9880709869
2.5000000000 -5.2877584954
3.0000000000 1.0902097725
3.0000000000 -5.7352426923
3.5000000000 1.1176292536
3.5000000000 -6.2374443509
4.0000000000 1.0945660437
4.0000000000 -6.8730194385
4.5000000000 1.0427830358
4.5000000000 -7.9937283363
5.0000000000 0.9780933237
5.5000000000 0.9106559528
6.0000000000 0.8463860417
6.5000000000 0.7882913917
6.5000000000 3.6410641326
6.5000000000 2.3897666529
7.0000000000 0.7374889559
7.0000000000 3.9038704367
7.0000000000 2.1813366761
7.5000000000 0.6939399483
7.5000000000 4.0722744286
7.5000000000 2.0448325117
8.0000000000 0.6569722793
8.0000000000 4.1864879694
8.0000000000 1.9455948489
8.5000000000 0.6256414391
8.5000000000 4.2656054228
8.5000000000 1.8696194433
9.0000000000 0.5989618358
9.0000000000 4.3214948575
9.0000000000 1.8094953083
9.5000000000 0.5760372883
9.5000000000 4.3618890773
9.5000000000 1.7605769219
10.0000000000 0.5561178902
10.0000000000 4.3919375900
10.0000000000 1.7198394506
10.5000000000 0.5386090543
10.5000000000 4.4150233306
10.5000000000 1.6852290627
11.0000000000 0.5230545140
11.0000000000 4.4333368124
11.0000000000 1.6553286525
11.5000000000 0.5091091788
11.5000000000 4.4482862072
11.5000000000 1.6291349716
12.0000000000 0.4965116136
12.0000000000 4.4607807213
12.0000000000 1.6059502220
12.5000000000 0.4850607683
12.5000000000 4.4714182230
12.5000000000 1.5852426838
13.0000000000 0.4745993076
13.0000000000 4.4806043874
13.0000000000 1.5666100638
13.5000000000 0.4649996989
13.5000000000 4.4886256154
13.5000000000 1.5497419480
14.0000000000 0.4561576455
14.0000000000 4.4956860818
14.0000000000 1.5343909201
14.5000000000 0.4479857091
14.5000000000 4.5020637993
14.5000000000 1.5203558851
15.0000000000 0.4404097557
15.0000000000 4.5075703757
15.0000000000 1.5074708929
15.5000000000 0.4333663369
15.5000000000 4.5126074914
15.5000000000 1.4955973755
16.0000000000 0.4268007625
16.0000000000 4.5171582999
16.0000000000 1.4846185562
16.5000000000 0.4206656195
16.5000000000 4.5212895264
16.5000000000 1.4744352319
17.0000000000 0.4149195977
17.0000000000 4.5250563415
17.0000000000 1.4649625441
17.5000000000 0.4095265382
17.5000000000 4.5285047243
17.5000000000 1.4561274528
18.0000000000 0.4044546543
18.0000000000 4.5316732759
18.0000000000 1.4478667296
18.5000000000 0.3996758885
18.5000000000 4.5345946272
18.5000000000 1.4401253477
19.0000000000 0.3951653794
19.0000000000 4.5372965425
19.0000000000 1.4328551802
19.5000000000 0.3909010164
19.5000000000 4.5398027893
19.5000000000 1.4260139396
20.0000000000 0.3868630681
20.0000000000 4.5421338307
20.0000000000 1.4195643096
20.5000000000 0.3830338686
20.5000000000 4.5443073785
20.5000000000 1.4134732273
21.0000000000 0.3793975529
21.0000000000 4.5463388399
21.0000000000 1.4077112884
21.5000000000 0.3759398321
21.5000000000 4.5482416797
21.5000000000 1.4022522498
22.0000000000 0.3726478013
22.0000000000 4.5500277165
22.0000000000 1.3970726121
22.5000000000 0.3695097752
22.5000000000 4.5517073663
22.5000000000 1.3921512670
23.0000000000 0.3665151470
23.0000000000 4.5532898445
23.0000000000 1.3874691986
23.5000000000 0.3636542660
23.5000000000 4.5547833335
23.5000000000 1.3830092276
24.0000000000 0.3609183320
24.0000000000 4.5561951236
24.0000000000 1.3787557938
24.5000000000 0.3582993033
24.5000000000 4.5575317309
24.5000000000 1.3746947683
25.0000000000 0.3557898160
25.0000000000 4.5587989975
25.0000000000 1.3708132909
25.5000000000 0.3533831145
25.5000000000 4.5600021760
25.5000000000 1.3670996305
26.0000000000 0.3510729892
26.0000000000 4.5611460025
26.0000000000 1.3635430630
26.5000000000 0.3488537223
26.5000000000 4.5622347580
26.5000000000 1.3601337643
27.0000000000 0.3467200404
27.0000000000 4.5632723219
27.0000000000 1.3568627179
27.5000000000 0.3446670713
27.5000000000 4.5642622180
27.5000000000 1.3537216329
28.0000000000 0.3426903070
28.0000000000 4.5652076542
28.0000000000 1.3507028718
28.5000000000 0.3407855700
28.5000000000 4.5661115572
28.5000000000 1.3477993875
29.0000000000 0.3389489834
29.0000000000 4.5669766025
29.0000000000 1.3450046667
29.5000000000 0.3371769445
29.5000000000 4.5678052410
29.5000000000 1.3423126799
30.0000000000 0.3354661005
30.0000000000 4.5685997216
30.0000000000 1.3397178378
