0.000000 0.000186
0.500000 0.004594
1.000000 0.018120
1.500000 0.032797
2.000000 0.038170
2.500000 0.032508
3.000000 0.021306
3.500000 0.011188
4.000000 0.005630
4.500000 0.003835
5.000000 0.003580
5.500000 0.003471
6.000000 0.003132
6.500000 0.002655
7.000000 0.002174
7.500000 0.001746
8.000000 0.001378
8.500000 0.001068
9.000000 0.000813
9.500000 0.000612
10.000000 0.000465
10.500000 0.000369
11.000000 0.000319
11.500000 0.000307
12.000000 0.000321
12.500000 0.000347
13.000000 0.000374
13.500000 0.000392
14.000000 0.000393
14.500000 0.000375
15.000000 0.000339
15.500000 0.000289
16.000000 0.000231
16.500000 0.000171
17.000000 0.000118
17.500000 0.000076
18.000000 0.000050
18.500000 0.000040
19.000000 0.000046
19.500000 0.000063
20.000000 0.000088
20.500000 0.000115
21.000000 0.000138
21.500000 0.000153
22.000000 0.000158
22.500000 0.000152
23.000000 0.000135
23.500000 0.000111
24.000000 0.000083
24.500000 0.000055
25.000000 0.000031
25.500000 0.000014
26.000000 0.000005
26.500000 0.000006
27.000000 0.000015
27.500000 0.000030
28.000000 0.000048
28.500000 0.000066
29.000000 0.000081
29.500000 0.000090
30.000000 0.000092
30.500000 0.000087
31.000000 0.000076
31.500000 0.000060
32.000000 0.000043
32.500000 0.000026
33.000000 0.000012
33.500000 0.000003
34.000000 0.000000
34.500000 0.000003
35.000000 0.000012
35.500000 0.000023
36.000000 0.000037
36.500000 0.000049
37.000000 0.000059
37.500000 0.000064
38.000000 0.000065
38.500000 0.000060
39.000000 0.000051
39.500000 0.000040
40.000000 0.000027
40.500000 0.000016
41.000000 0.000007
41.500000 0.000002
42.000000 0.000002
42.500000 0.000005
43.000000 0.000013
43.500000 0.000022
44.000000 0.000032
44.500000 0.000041
45.000000 0.000048
45.500000 0.000051
46.000000 0.000050
46.500000 0.000046
47.000000 0.000039
