-6.000000 -1.701358
-5.990000 -1.701319
-5.980000 -1.701280
-5.970000 -1.701239
-5.960000 -1.701196
-5.950000 -1.701152
-5.940000 -1.701106
-5.930000 -1.701058
-5.920000 -1.701009
-5.910000 -1.700958
-5.900000 -1.700905
-5.890000 -1.700851
-5.880000 -1.700795
-5.870000 -1.700737
-5.860000 -1.700677
-5.850000 -1.700615
-5.840000 -1.700551
-5.830000 -1.700485
-5.820000 -1.700417
-5.810000 -1.700347
-5.800000 -1.700275
-5.790000 -1.700201
-5.780000 -1.700125
-5.770000 -1.700047
-5.760000 -1.699966
-5.750000 -1.699883
-5.740000 -1.699798
-5.730000 -1.699711
-5.720000 -1.699621
-5.710000 -1.699529
-5.700000 -1.699434
-5.690000 -1.699337
-5.680000 -1.699238
-5.670000 -1.699136
-5.660000 -1.699031
-5.650000 -1.698924
-5.640000 -1.698815
-5.630000 -1.698702
-5.620000 -1.698588
-5.610000 -1.698470
-5.600000 -1.698350
-5.590000 -1.698227
-5.580000 -1.698101
-5.570000 -1.697972
-5.560000 -1.697841
-5.550000 -1.697707
-5.540000 -1.697570
-5.530000 -1.697430
-5.520000 -1.697287
-5.510000 -1.697141
-5.500000 -1.696992
-5.490000 -1.696840
-5.480000 -1.696686
-5.470000 -1.696528
-5.460000 -1.696367
-5.450000 -1.696204
-5.440000 -1.696037
-5.430000 -1.695867
-5.420000 -1.695694
-5.410000 -1.695518
-5.400000 -1.695339
-5.390000 -1.695156
-5.380000 -1.694971
-5.370000 -1.694782
-5.360000 -1.694590
-5.350000 -1.694395
-5.340000 -1.694197
-5.330000 -1.693996
-5.320000 -1.693792
-5.310000 -1.693584
-5.300000 -1.693373
-5.290000 -1.693159
-5.280000 -1.692942
-5.270000 -1.692722
-5.260000 -1.692498
-5.250000 -1.692272
-5.240000 -1.692042
-5.230000 -1.691809
-5.220000 -1.691573
-5.210000 -1.691333
-5.200000 -1.691091
-5.190000 -1.690845
-5.180000 -1.690597
-5.170000 -1.690345
-5.160000 -1.690090
-5.150000 -1.689832
-5.140000 -1.689572
-5.130000 -1.689308
-5.120000 -1.689041
-5.110000 -1.688771
-5.100000 -1.688498
-5.090000 -1.688223
-5.080000 -1.687944
-5.070000 -1.687663
-5.060000 -1.687379
-5.050000 -1.687092
-5.040000 -1.686802
-5.030000 -1.686510
-5.020000 -1.686215
-5.010000 -1.685917
-5.000000 -1.685617
-4.990000 -1.685314
-4.980000 -1.685008
-4.970000 -1.684701
-4.960000 -1.684391
-4.950000 -1.684078
-4.940000 -1.683763
-4.930000 -1.683446
-4.920000 -1.683127
-4.910000 -1.682805
-4.900000 -1.682482
-4.890000 -1.682156
-4.880000 -1.681829
-4.870000 -1.681499
-4.860000 -1.681168
-4.850000 -1.680835
-4.840000 -1.680500
-4.830000 -1.680164
-4.820000 -1.679826
-4.810000 -1.679487
-4.800000 -1.679146
-4.790000 -1.678803
-4.780000 -1.678460
-4.770000 -1.678115
-4.760000 -1.677769
-4.750000 -1.677422
-4.740000 -1.677075
-4.730000 -1.676726
-4.720000 -1.676376
-4.710000 -1.676026
-4.700000 -1.675675
-4.690000 -1.675324
-4.680000 -1.674972
-4.670000 -1.674619
-4.660000 -1.674267
-4.650000 -1.673914
-4.640000 -1.673561
-4.630000 -1.673208
-4.620000 -1.672856
-4.610000 -1.672503
-4.600000 -1.672151
-4.590000 -1.671799
-4.580000 -1.671447
-4.570000 -1.671096
-4.560000 -1.670746
-4.550000 -1.670397
-4.540000 -1.670048
-4.530000 -1.669700
-4.520000 -1.669353
-4.510000 -1.669008
-4.500000 -1.668664
-4.490000 -1.668321
-4.480000 -1.667979
-4.470000 -1.667640
-4.460000 -1.667301
-4.450000 -1.666965
-4.440000 -1.666630
-4.430000 -1.666298
-4.420000 -1.665967
-4.410000 -1.665638
-4.400000 -1.665312
-4.390000 -1.664988
-4.380000 -1.664667
-4.370000 -1.664348
-4.360000 -1.664032
-4.350000 -1.663718
-4.340000 -1.663408
-4.330000 -1.663100
-4.320000 -1.662795
-4.310000 -1.662494
-4.300000 -1.662195
-4.290000 -1.661900
-4.280000 -1.661609
-4.270000 -1.661320
-4.260000 -1.661036
-4.250000 -1.660755
-4.240000 -1.660478
-4.230000 -1.660204
-4.220000 -1.659935
-4.210000 -1.659669
-4.200000 -1.659407
-4.190000 -1.659150
-4.180000 -1.658897
-4.170000 -1.658648
-4.160000 -1.658403
-4.150000 -1.658163
-4.140000 -1.657927
-4.130000 -1.657695
-4.120000 -1.657469
-4.110000 -1.657246
-4.100000 -1.657029
-4.090000 -1.656816
-4.080000 -1.656608
-4.070000 -1.656405
-4.060000 -1.656207
-4.050000 -1.656013
-4.040000 -1.655824
-4.030000 -1.655641
-4.020000 -1.655462
-4.010000 -1.655289
-4.000000 -1.655120
-3.990000 -1.654956
-3.980000 -1.654798
-3.970000 -1.654644
-3.960000 -1.654496
-3.950000 -1.654352
-3.940000 -1.654214
-3.930000 -1.654080
-3.920000 -1.653952
-3.910000 -1.653828
-3.900000 -1.653710
-3.890000 -1.653596
-3.880000 -1.653488
-3.870000 -1.653384
-3.860000 -1.653285
-3.850000 -1.653191
-3.840000 -1.653101
-3.830000 -1.653016
-3.820000 -1.652936
-3.810000 -1.652860
-3.800000 -1.652789
-3.790000 -1.652722
-3.780000 -1.652660
-3.770000 -1.652601
-3.760000 -1.652547
-3.750000 -1.652497
-3.740000 -1.652450
-3.730000 -1.652408
-3.720000 -1.652369
-3.710000 -1.652333
-3.700000 -1.652301
-3.690000 -1.652273
-3.680000 -1.652247
-3.670000 -1.652224
-3.660000 -1.652205
-3.650000 -1.652187
-3.640000 -1.652173
-3.630000 -1.652160
-3.620000 -1.652150
-3.610000 -1.652142
-3.600000 -1.652136
-3.590000 -1.652131
-3.580000 -1.652127
-3.570000 -1.652125
-3.560000 -1.652123
-3.550000 -1.652123
-3.540000 -1.652122
-3.530000 -1.652122
-3.520000 -1.652122
-3.510000 -1.652122
-3.500000 -1.652121
-3.490000 -1.652119
-3.480000 -1.652117
-3.470000 -1.652113
-3.460000 -1.652107
-3.450000 -1.652100
-3.440000 -1.652090
-3.430000 -1.652078
-3.420000 -1.652063
-3.410000 -1.652046
-3.400000 -1.652024
-3.390000 -1.651999
-3.380000 -1.651970
-3.370000 -1.651936
-3.360000 -1.651898
-3.350000 -1.651854
-3.340000 -1.651805
-3.330000 -1.651751
-3.320000 -1.651690
-3.310000 -1.651622
-3.300000 -1.651548
-3.290000 -1.651466
-3.280000 -1.651377
-3.270000 -1.651279
-3.260000 -1.651173
-3.250000 -1.651058
-3.240000 -1.650933
-3.230000 -1.650799
-3.220000 -1.650655
-3.210000 -1.650500
-3.200000 -1.650334
-3.190000 -1.650157
-3.180000 -1.649968
-3.170000 -1.649766
-3.160000 -1.649552
-3.150000 -1.649324
-3.140000 -1.649083
-3.130000 -1.648828
-3.120000 -1.648558
-3.110000 -1.648273
-3.100000 -1.647972
-3.090000 -1.647655
-3.080000 -1.647322
-3.070000 -1.646972
-3.060000 -1.646604
-3.050000 -1.646218
-3.040000 -1.645814
-3.030000 -1.645391
-3.020000 -1.644949
-3.010000 -1.644487
-3.000000 -1.644004
-2.990000 -1.643500
-2.980000 -1.642975
-2.970000 -1.642428
-2.960000 -1.641858
-2.950000 -1.641266
-2.940000 -1.640650
-2.930000 -1.640010
-2.920000 -1.639346
-2.910000 -1.638657
-2.900000 -1.637942
-2.890000 -1.637202
-2.880000 -1.636435
-2.870000 -1.635641
-2.860000 -1.634819
-2.850000 -1.633970
-2.840000 -1.633092
-2.830000 -1.632185
-2.820000 -1.631248
-2.810000 -1.630282
-2.800000 -1.629285
-2.790000 -1.628258
-2.780000 -1.627198
-2.770000 -1.626107
-2.760000 -1.624984
-2.750000 -1.623827
-2.740000 -1.622638
-2.730000 -1.621414
-2.720000 -1.620156
-2.710000 -1.618864
-2.700000 -1.617536
-2.690000 -1.616172
-2.680000 -1.614773
-2.670000 -1.613337
-2.660000 -1.611864
-2.650000 -1.610353
-2.640000 -1.608805
-2.630000 -1.607218
-2.620000 -1.605593
-2.610000 -1.603928
-2.600000 -1.602224
-2.590000 -1.600480
-2.580000 -1.598696
-2.570000 -1.596871
-2.560000 -1.595005
-2.550000 -1.593098
-2.540000 -1.591149
-2.530000 -1.589158
-2.520000 -1.587125
-2.510000 -1.585048
-2.500000 -1.582929
-2.490000 -1.580766
-2.480000 -1.578560
-2.470000 -1.576309
-2.460000 -1.574015
-2.450000 -1.571675
-2.440000 -1.569291
-2.430000 -1.566862
-2.420000 -1.564388
-2.410000 -1.561868
-2.400000 -1.559303
-2.390000 -1.556691
-2.380000 -1.554033
-2.370000 -1.551329
-2.360000 -1.548579
-2.350000 -1.545782
-2.340000 -1.542938
-2.330000 -1.540047
-2.320000 -1.537109
-2.310000 -1.534124
-2.300000 -1.531091
-2.290000 -1.528012
-2.280000 -1.524885
-2.270000 -1.521710
-2.260000 -1.518488
-2.250000 -1.515218
-2.240000 -1.511901
-2.230000 -1.508536
-2.220000 -1.505124
-2.210000 -1.501664
-2.200000 -1.498157
-2.190000 -1.494602
-2.180000 -1.491000
-2.170000 -1.487350
-2.160000 -1.483653
-2.150000 -1.479910
-2.140000 -1.476119
-2.130000 -1.472281
-2.120000 -1.468397
-2.110000 -1.464467
-2.100000 -1.460490
-2.090000 -1.456467
-2.080000 -1.452398
-2.070000 -1.448283
-2.060000 -1.444123
-2.050000 -1.439918
-2.040000 -1.435668
-2.030000 -1.431374
-2.020000 -1.427035
-2.010000 -1.422652
-2.000000 -1.418226
-1.990000 -1.413756
-1.980000 -1.409244
-1.970000 -1.404689
-1.960000 -1.400092
-1.950000 -1.395453
-1.940000 -1.390773
-1.930000 -1.386052
-1.920000 -1.381291
-1.910000 -1.376490
-1.900000 -1.371649
-1.890000 -1.366770
-1.880000 -1.361852
-1.870000 -1.356896
-1.860000 -1.351903
-1.850000 -1.346873
-1.840000 -1.341807
-1.830000 -1.336705
-1.820000 -1.331569
-1.810000 -1.326398
-1.800000 -1.321193
-1.790000 -1.315955
-1.780000 -1.310684
-1.770000 -1.305382
-1.760000 -1.300049
-1.750000 -1.294685
-1.740000 -1.289291
-1.730000 -1.283869
-1.720000 -1.278418
-1.710000 -1.272939
-1.700000 -1.267434
-1.690000 -1.261903
-1.680000 -1.256346
-1.670000 -1.250765
-1.660000 -1.245160
-1.650000 -1.239533
-1.640000 -1.233883
-1.630000 -1.228212
-1.620000 -1.222520
-1.610000 -1.216809
-1.600000 -1.211080
-1.590000 -1.205332
-1.580000 -1.199568
-1.570000 -1.193787
-1.560000 -1.187991
-1.550000 -1.182181
-1.540000 -1.176357
-1.530000 -1.170521
-1.520000 -1.164674
-1.510000 -1.158815
-1.500000 -1.152947
-1.490000 -1.147070
-1.480000 -1.141185
-1.470000 -1.135294
-1.460000 -1.129396
-1.450000 -1.123493
-1.440000 -1.117587
-1.430000 -1.111677
-1.420000 -1.105765
-1.410000 -1.099851
-1.400000 -1.093938
-1.390000 -1.088025
-1.380000 -1.082115
-1.370000 -1.076206
-1.360000 -1.070302
-1.350000 -1.064402
-1.340000 -1.058508
-1.330000 -1.052621
-1.320000 -1.046741
-1.310000 -1.040870
-1.300000 -1.035008
-1.290000 -1.029157
-1.280000 -1.023318
-1.270000 -1.017491
-1.260000 -1.011677
-1.250000 -1.005878
-1.240000 -1.000094
-1.230000 -0.994327
-1.220000 -0.988577
-1.210000 -0.982846
-1.200000 -0.977133
-1.190000 -0.971441
-1.180000 -0.965770
-1.170000 -0.960120
-1.160000 -0.954494
-1.150000 -0.948892
-1.140000 -0.943314
-1.130000 -0.937763
-1.120000 -0.932237
-1.110000 -0.926740
-1.100000 -0.921270
-1.090000 -0.915830
-1.080000 -0.910420
-1.070000 -0.905041
-1.060000 -0.899693
-1.050000 -0.894379
-1.040000 -0.889097
-1.030000 -0.883850
-1.020000 -0.878638
-1.010000 -0.873462
-1.000000 -0.868323
-0.990000 -0.863221
-0.980000 -0.858157
-0.970000 -0.853131
-0.960000 -0.848146
-0.950000 -0.843201
-0.940000 -0.838296
-0.930000 -0.833434
-0.920000 -0.828614
-0.910000 -0.823837
-0.900000 -0.819103
-0.890000 -0.814414
-0.880000 -0.809770
-0.870000 -0.805171
-0.860000 -0.800618
-0.850000 -0.796112
-0.840000 -0.791653
-0.830000 -0.787242
-0.820000 -0.782879
-0.810000 -0.778565
-0.800000 -0.774300
-0.790000 -0.770084
-0.780000 -0.765919
-0.770000 -0.761804
-0.760000 -0.757740
-0.750000 -0.753728
-0.740000 -0.749767
-0.730000 -0.745859
-0.720000 -0.742002
-0.710000 -0.738199
-0.700000 -0.734448
-0.690000 -0.730751
-0.680000 -0.727107
-0.670000 -0.723517
-0.660000 -0.719981
-0.650000 -0.716500
-0.640000 -0.713072
-0.630000 -0.709700
-0.620000 -0.706382
-0.610000 -0.703119
-0.600000 -0.699910
-0.590000 -0.696757
-0.580000 -0.693659
-0.570000 -0.690616
-0.560000 -0.687628
-0.550000 -0.684695
-0.540000 -0.681817
-0.530000 -0.678995
-0.520000 -0.676228
-0.510000 -0.673515
-0.500000 -0.670857
-0.490000 -0.668255
-0.480000 -0.665706
-0.470000 -0.663213
-0.460000 -0.660773
-0.450000 -0.658388
-0.440000 -0.656056
-0.430000 -0.653779
-0.420000 -0.651554
-0.410000 -0.649383
-0.400000 -0.647265
-0.390000 -0.645199
-0.380000 -0.643186
-0.370000 -0.641224
-0.360000 -0.639314
-0.350000 -0.637455
-0.340000 -0.635647
-0.330000 -0.633889
-0.320000 -0.632181
-0.310000 -0.630523
-0.300000 -0.628913
-0.290000 -0.627352
-0.280000 -0.625840
-0.270000 -0.624374
-0.260000 -0.622956
-0.250000 -0.621584
-0.240000 -0.620258
-0.230000 -0.618977
-0.220000 -0.617740
-0.210000 -0.616548
-0.200000 -0.615400
-0.190000 -0.614294
-0.180000 -0.613230
-0.170000 -0.612208
-0.160000 -0.611226
-0.150000 -0.610285
-0.140000 -0.609383
-0.130000 -0.608520
-0.120000 -0.607694
-0.110000 -0.606906
-0.100000 -0.606155
-0.090000 -0.605439
-0.080000 -0.604758
-0.070000 -0.604111
-0.060000 -0.603497
-0.050000 -0.602916
-0.040000 -0.602367
-0.030000 -0.601848
-0.020000 -0.601360
-0.010000 -0.600900
-0.000000 -0.600470
0.010000 -0.600066
0.020000 -0.599689
0.030000 -0.599338
0.040000 -0.599012
0.050000 -0.598710
0.060000 -0.598431
0.070000 -0.598174
0.080000 -0.597938
0.090000 -0.597723
0.100000 -0.597527
0.110000 -0.597350
0.120000 -0.597191
0.130000 -0.597048
0.140000 -0.596921
0.150000 -0.596809
0.160000 -0.596711
0.170000 -0.596626
0.180000 -0.596553
0.190000 -0.596491
0.200000 -0.596439
0.210000 -0.596397
0.220000 -0.596363
0.230000 -0.596336
0.240000 -0.596316
0.250000 -0.596302
0.260000 -0.596292
0.270000 -0.596286
0.280000 -0.596283
0.290000 -0.596282
0.300000 -0.596282
0.310000 -0.596281
0.320000 -0.596281
0.330000 -0.596278
0.340000 -0.596273
0.350000 -0.596264
0.360000 -0.596251
0.370000 -0.596233
0.380000 -0.596208
0.390000 -0.596177
0.400000 -0.596138
0.410000 -0.596090
0.420000 -0.596033
0.430000 -0.595965
0.440000 -0.595887
0.450000 -0.595796
0.460000 -0.595693
0.470000 -0.595576
0.480000 -0.595444
0.490000 -0.595298
0.500000 -0.595135
0.510000 -0.594957
0.520000 -0.594760
0.530000 -0.594546
0.540000 -0.594313
0.550000 -0.594060
0.560000 -0.593787
0.570000 -0.593493
0.580000 -0.593178
0.590000 -0.592840
0.600000 -0.592480
0.610000 -0.592096
0.620000 -0.591688
0.630000 -0.591255
0.640000 -0.590797
0.650000 -0.590313
0.660000 -0.589802
0.670000 -0.589265
0.680000 -0.588700
0.690000 -0.588107
0.700000 -0.587486
0.710000 -0.586835
0.720000 -0.586155
0.730000 -0.585445
0.740000 -0.584705
0.750000 -0.583934
0.760000 -0.583132
0.770000 -0.582298
0.780000 -0.581432
0.790000 -0.580534
0.800000 -0.579603
0.810000 -0.578639
0.820000 -0.577642
0.830000 -0.576611
0.840000 -0.575546
0.850000 -0.574448
0.860000 -0.573314
0.870000 -0.572146
0.880000 -0.570943
0.890000 -0.569706
0.900000 -0.568433
0.910000 -0.567124
0.920000 -0.565780
0.930000 -0.564400
0.940000 -0.562985
0.950000 -0.561534
0.960000 -0.560046
0.970000 -0.558523
0.980000 -0.556964
0.990000 -0.555368
1.000000 -0.553737
1.010000 -0.552069
1.020000 -0.550365
1.030000 -0.548625
1.040000 -0.546849
1.050000 -0.545038
1.060000 -0.543190
1.070000 -0.541306
1.080000 -0.539387
1.090000 -0.537432
1.100000 -0.535442
1.110000 -0.533417
1.120000 -0.531356
1.130000 -0.529261
1.140000 -0.527131
1.150000 -0.524966
1.160000 -0.522768
1.170000 -0.520535
1.180000 -0.518268
1.190000 -0.515968
1.200000 -0.513635
1.210000 -0.511269
1.220000 -0.508870
1.230000 -0.506439
1.240000 -0.503976
1.250000 -0.501482
1.260000 -0.498956
1.270000 -0.496399
1.280000 -0.493812
1.290000 -0.491195
1.300000 -0.488548
1.310000 -0.485872
1.320000 -0.483167
1.330000 -0.480433
1.340000 -0.477672
1.350000 -0.474883
1.360000 -0.472068
1.370000 -0.469225
1.380000 -0.466357
1.390000 -0.463463
1.400000 -0.460544
1.410000 -0.457600
1.420000 -0.454633
1.430000 -0.451641
1.440000 -0.448627
1.450000 -0.445591
1.460000 -0.442533
1.470000 -0.439453
1.480000 -0.436353
1.490000 -0.433232
1.500000 -0.430092
1.510000 -0.426933
1.520000 -0.423755
1.530000 -0.420560
1.540000 -0.417347
1.550000 -0.414118
1.560000 -0.410872
1.570000 -0.407612
1.580000 -0.404336
1.590000 -0.401046
1.600000 -0.397743
1.610000 -0.394427
1.620000 -0.391098
1.630000 -0.387758
1.640000 -0.384406
1.650000 -0.381044
1.660000 -0.377673
1.670000 -0.374292
1.680000 -0.370902
1.690000 -0.367505
1.700000 -0.364100
1.710000 -0.360689
1.720000 -0.357272
1.730000 -0.353849
1.740000 -0.350422
1.750000 -0.346990
1.760000 -0.343555
1.770000 -0.340118
1.780000 -0.336678
1.790000 -0.333236
1.800000 -0.329793
1.810000 -0.326350
1.820000 -0.322908
1.830000 -0.319466
1.840000 -0.316025
1.850000 -0.312587
1.860000 -0.309151
1.870000 -0.305719
1.880000 -0.302291
1.890000 -0.298867
1.900000 -0.295448
1.910000 -0.292034
1.920000 -0.288627
1.930000 -0.285227
1.940000 -0.281834
1.950000 -0.278449
1.960000 -0.275073
1.970000 -0.271705
1.980000 -0.268347
1.990000 -0.265000
2.000000 -0.261662
2.010000 -0.258336
2.020000 -0.255022
2.030000 -0.251720
2.040000 -0.248430
2.050000 -0.245154
2.060000 -0.241891
2.070000 -0.238643
2.080000 -0.235409
2.090000 -0.232190
2.100000 -0.228987
2.110000 -0.225800
2.120000 -0.222629
2.130000 -0.219475
2.140000 -0.216338
2.150000 -0.213219
2.160000 -0.210118
2.170000 -0.207036
2.180000 -0.203972
2.190000 -0.200928
2.200000 -0.197903
2.210000 -0.194898
2.220000 -0.191914
2.230000 -0.188951
2.240000 -0.186008
2.250000 -0.183087
2.260000 -0.180188
2.270000 -0.177310
2.280000 -0.174455
2.290000 -0.171622
2.300000 -0.168813
2.310000 -0.166026
2.320000 -0.163263
2.330000 -0.160523
2.340000 -0.157808
2.350000 -0.155116
2.360000 -0.152449
2.370000 -0.149806
2.380000 -0.147188
2.390000 -0.144596
2.400000 -0.142028
2.410000 -0.139485
2.420000 -0.136968
2.430000 -0.134477
2.440000 -0.132012
2.450000 -0.129572
2.460000 -0.127159
2.470000 -0.124771
2.480000 -0.122410
2.490000 -0.120076
2.500000 -0.117768
2.510000 -0.115486
2.520000 -0.113232
2.530000 -0.111004
2.540000 -0.108802
2.550000 -0.106628
2.560000 -0.104481
2.570000 -0.102360
2.580000 -0.100266
2.590000 -0.098200
2.600000 -0.096160
2.610000 -0.094148
2.620000 -0.092162
2.630000 -0.090203
2.640000 -0.088271
2.650000 -0.086366
2.660000 -0.084488
2.670000 -0.082637
2.680000 -0.080813
2.690000 -0.079015
2.700000 -0.077244
2.710000 -0.075500
2.720000 -0.073782
2.730000 -0.072090
2.740000 -0.070425
2.750000 -0.068786
2.760000 -0.067173
2.770000 -0.065586
2.780000 -0.064025
2.790000 -0.062490
2.800000 -0.060980
2.810000 -0.059496
2.820000 -0.058037
2.830000 -0.056604
2.840000 -0.055195
2.850000 -0.053811
2.860000 -0.052452
2.870000 -0.051118
2.880000 -0.049808
2.890000 -0.048522
2.900000 -0.047260
2.910000 -0.046021
2.920000 -0.044807
2.930000 -0.043616
2.940000 -0.042448
2.950000 -0.041303
2.960000 -0.040181
2.970000 -0.039082
2.980000 -0.038005
2.990000 -0.036950
3.000000 -0.035917
3.010000 -0.034906
3.020000 -0.033916
3.030000 -0.032948
3.040000 -0.032001
3.050000 -0.031074
3.060000 -0.030168
3.070000 -0.029282
3.080000 -0.028417
3.090000 -0.027571
3.100000 -0.026745
3.110000 -0.025938
3.120000 -0.025150
3.130000 -0.024381
3.140000 -0.023631
3.150000 -0.022899
3.160000 -0.022185
3.170000 -0.021489
3.180000 -0.020810
3.190000 -0.020149
3.200000 -0.019505
3.210000 -0.018878
3.220000 -0.018267
3.230000 -0.017672
3.240000 -0.017094
3.250000 -0.016531
3.260000 -0.015984
3.270000 -0.015452
3.280000 -0.014934
3.290000 -0.014432
3.300000 -0.013944
3.310000 -0.013470
3.320000 -0.013011
3.330000 -0.012565
3.340000 -0.012132
3.350000 -0.011713
3.360000 -0.011306
3.370000 -0.010912
3.380000 -0.010531
3.390000 -0.010161
3.400000 -0.009804
3.410000 -0.009458
3.420000 -0.009124
3.430000 -0.008801
3.440000 -0.008489
3.450000 -0.008188
3.460000 -0.007897
3.470000 -0.007616
3.480000 -0.007345
3.490000 -0.007084
3.500000 -0.006833
3.510000 -0.006591
3.520000 -0.006358
3.530000 -0.006134
3.540000 -0.005918
3.550000 -0.005711
3.560000 -0.005512
3.570000 -0.005321
3.580000 -0.005138
3.590000 -0.004962
3.600000 -0.004794
3.610000 -0.004633
3.620000 -0.004478
3.630000 -0.004331
3.640000 -0.004190
3.650000 -0.004055
3.660000 -0.003927
3.670000 -0.003804
3.680000 -0.003688
3.690000 -0.003576
3.700000 -0.003471
3.710000 -0.003370
3.720000 -0.003275
3.730000 -0.003185
3.740000 -0.003099
3.750000 -0.003018
3.760000 -0.002941
3.770000 -0.002868
3.780000 -0.002800
3.790000 -0.002735
3.800000 -0.002675
3.810000 -0.002618
3.820000 -0.002564
3.830000 -0.002514
3.840000 -0.002467
3.850000 -0.002423
3.860000 -0.002382
3.870000 -0.002344
3.880000 -0.002308
3.890000 -0.002275
3.900000 -0.002245
3.910000 -0.002216
3.920000 -0.002190
3.930000 -0.002166
3.940000 -0.002144
3.950000 -0.002124
3.960000 -0.002106
3.970000 -0.002090
3.980000 -0.002075
3.990000 -0.002061
4.000000 -0.002049
4.010000 -0.002038
4.020000 -0.002028
4.030000 -0.002020
4.040000 -0.002012
4.050000 -0.002006
4.060000 -0.002000
4.070000 -0.001995
4.080000 -0.001991
4.090000 -0.001988
4.100000 -0.001985
4.110000 -0.001982
4.120000 -0.001980
4.130000 -0.001979
4.140000 -0.001978
4.150000 -0.001977
4.160000 -0.001977
4.170000 -0.001976
4.180000 -0.001976
4.190000 -0.001976
4.200000 -0.001976
4.210000 -0.001976
4.220000 -0.001976
4.230000 -0.001976
4.240000 -0.001976
4.250000 -0.001975
4.260000 -0.001975
4.270000 -0.001974
4.280000 -0.001973
4.290000 -0.001972
4.300000 -0.001971
4.310000 -0.001969
4.320000 -0.001967
4.330000 -0.001965
4.340000 -0.001962
4.350000 -0.001959
4.360000 -0.001955
4.370000 -0.001951
4.380000 -0.001947
4.390000 -0.001942
4.400000 -0.001937
4.410000 -0.001931
4.420000 -0.001925
4.430000 -0.001918
4.440000 -0.001911
4.450000 -0.001903
4.460000 -0.001895
4.470000 -0.001887
4.480000 -0.001877
4.490000 -0.001868
4.500000 -0.001858
4.510000 -0.001847
4.520000 -0.001836
4.530000 -0.001825
4.540000 -0.001813
4.550000 -0.001800
4.560000 -0.001787
4.570000 -0.001774
4.580000 -0.001760
4.590000 -0.001746
4.600000 -0.001731
4.610000 -0.001716
4.620000 -0.001701
4.630000 -0.001685
4.640000 -0.001668
4.650000 -0.001652
4.660000 -0.001635
4.670000 -0.001617
4.680000 -0.001599
4.690000 -0.001581
4.700000 -0.001563
4.710000 -0.001544
4.720000 -0.001525
4.730000 -0.001506
4.740000 -0.001486
4.750000 -0.001466
4.760000 -0.001446
4.770000 -0.001426
4.780000 -0.001405
4.790000 -0.001384
4.800000 -0.001363
4.810000 -0.001342
4.820000 -0.001321
4.830000 -0.001299
4.840000 -0.001278
4.850000 -0.001256
4.860000 -0.001234
4.870000 -0.001213
4.880000 -0.001191
4.890000 -0.001169
4.900000 -0.001147
4.910000 -0.001125
4.920000 -0.001103
4.930000 -0.001081
4.940000 -0.001058
4.950000 -0.001036
4.960000 -0.001014
4.970000 -0.000993
4.980000 -0.000971
4.990000 -0.000949
5.000000 -0.000927
5.010000 -0.000906
5.020000 -0.000884
5.030000 -0.000863
5.040000 -0.000841
5.050000 -0.000820
5.060000 -0.000800
5.070000 -0.000779
5.080000 -0.000758
5.090000 -0.000738
5.100000 -0.000718
5.110000 -0.000698
5.120000 -0.000678
5.130000 -0.000658
5.140000 -0.000639
5.150000 -0.000620
5.160000 -0.000601
5.170000 -0.000583
5.180000 -0.000564
5.190000 -0.000546
5.200000 -0.000528
5.210000 -0.000511
5.220000 -0.000494
5.230000 -0.000477
5.240000 -0.000460
5.250000 -0.000444
5.260000 -0.000428
5.270000 -0.000412
5.280000 -0.000397
5.290000 -0.000382
5.300000 -0.000367
5.310000 -0.000352
5.320000 -0.000338
5.330000 -0.000324
5.340000 -0.000311
5.350000 -0.000298
5.360000 -0.000285
5.370000 -0.000272
5.380000 -0.000260
5.390000 -0.000248
5.400000 -0.000237
5.410000 -0.000226
5.420000 -0.000215
5.430000 -0.000204
5.440000 -0.000194
5.450000 -0.000184
5.460000 -0.000174
5.470000 -0.000165
5.480000 -0.000156
5.490000 -0.000147
5.500000 -0.000139
5.510000 -0.000131
5.520000 -0.000123
5.530000 -0.000116
5.540000 -0.000109
5.550000 -0.000102
5.560000 -0.000095
5.570000 -0.000089
5.580000 -0.000083
5.590000 -0.000077
5.600000 -0.000072
5.610000 -0.000066
5.620000 -0.000061
5.630000 -0.000057
5.640000 -0.000052
5.650000 -0.000048
5.660000 -0.000044
5.670000 -0.000040
5.680000 -0.000037
5.690000 -0.000033
5.700000 -0.000030
5.710000 -0.000027
5.720000 -0.000024
5.730000 -0.000022
5.740000 -0.000020
5.750000 -0.000017
5.760000 -0.000015
5.770000 -0.000013
5.780000 -0.000012
5.790000 -0.000010
5.800000 -0.000009
5.810000 -0.000008
5.820000 -0.000006
5.830000 -0.000005
5.840000 -0.000004
5.850000 -0.000004
5.860000 -0.000003
5.870000 -0.000002
5.880000 -0.000002
5.890000 -0.000001
5.900000 -0.000001
