0.000000000000000 0.204655338220340
0.500000000000000 2.167044814430731
1.000000000000000 10.996488719281277
1.500000000000000 3.039889592608117
2.000000000000000 1.790896204925370
2.500000000000000 0.515957910523144
3.000000000000000 0.153955395916478
3.500000000000000 0.063283081724689
4.000000000000000 0.037440539509945
4.500000000000000 0.289873548778369
5.000000000000000 0.789737744095583
5.500000000000000 3.127028371370225
6.000000000000000 0.308020791136462
6.500000000000000 0.189737721295414
7.000000000000000 0.132845659313722
7.500000000000000 0.097834382180627
8.000000000000000 0.074573356566458
8.500000000000000 0.058414488840025
9.000000000000000 0.046794458663214
9.500000000000000 0.038190171871385
10.000000000000000 0.031656270726883
10.500000000000000 0.026586051136875
11.000000000000000 0.022578395752594
11.500000000000000 0.019360516384933
12.000000000000000 0.016741840740469
12.500000000000000 0.014585879945386
13.000000000000000 0.012792688442414
13.500000000000000 0.011287659799909
14.000000000000000 0.010014177393182
14.500000000000000 0.008928662270054
15.000000000000000 0.007997151529299
15.500000000000000 0.007192881807499
16.000000000000000 0.006494550788459
16.500000000000000 0.005885046897497
17.000000000000000 0.005350508588833
17.500000000000000 0.004879619373552
18.000000000000000 0.004463073745256
18.500000000000000 0.004093168483322
19.000000000000000 0.003763486952459
19.500000000000000 0.003468653092118
20.000000000000000 0.003204138137093
20.500000000000000 0.002966107601335
21.000000000000000 0.002751299267805
21.500000000000000 0.002556925246852
22.000000000000000 0.002380592858173
22.500000000000000 0.002220240338254
23.000000000000000 0.002074084301924
23.500000000000000 0.001940576581308
24.000000000000000 0.001818368590362
24.500000000000000 0.001706281762705
25.000000000000000 0.001603283378415
25.500000000000000 0.001508464354703
26.000000000000000 0.001421023833089
26.500000000000000 0.001340253690948
27.000000000000000 0.001265526251512
27.500000000000000 0.001196283767994
28.000000000000000 0.001132029456946
28.500000000000000 0.001072319827665
29.000000000000000 0.001016758099806
29.500000000000000 0.000964988537865
30.000000000000000 0.000916691560770
