0.0000000000 -3.9266783545
0.0000000000 -5.7408217375
0.5000000000 -0.7083600588
0.5000000000 -1.8681336027
0.5000000000 -4.3619011542
0.5000000000 -5.3622468124
1.0000000000 -0.1788569998
1.0000000000 -2.3209164647
1.5000000000 0.1302600362
1.5000000000 -2.6174924584
2.0000000000 0.2911662293
2.0000000000 -2.8366088728
2.5000000000 0.3363529176
2.5000000000 -2.9937756260
3.0000000000 0.3043412587
3.0000000000 -3.0959515003
3.5000000000 0.2305578310
3.5000000000 -3.1513478019
4.0000000000 0.1406895154
4.0000000000 -3.1714412637
4.5000000000 0.0510821688
4.5000000000 -3.1692230158
4.5000000000 2.2684090562
5.0000000000 -0.0289514222
5.0000000000 -3.1566258198
5.0000000000 2.7297780408
5.0000000000 1.4725823328
5.5000000000 -0.0951767009
5.5000000000 -3.1424255874
5.5000000000 2.9189369720
5.5000000000 1.2945531568
6.0000000000 -0.1469598470
6.0000000000 -3.1316151105
6.0000000000 3.0122169998
6.0000000000 1.1843510618
6.5000000000 -0.1859687977
6.5000000000 -3.1259183548
6.5000000000 3.0524851540
6.5000000000 1.1115382038
7.0000000000 -0.2149794314
7.0000000000 -3.1249035923
7.0000000000 3.0639541526
7.0000000000 1.0616645666
7.5000000000 -0.2369081121
7.5000000000 -3.1271542585
7.5000000000 3.0615183540
7.5000000000 1.0259898871
8.0000000000 -0.2542026991
8.0000000000 -3.1311402154
8.0000000000 3.0538460465
8.0000000000 0.9989304665
8.5000000000 -0.2686044433
8.5000000000 -3.1356840120
8.5000000000 3.0454296786
8.5000000000 0.9770383148
9.0000000000 -0.2811869875
9.0000000000 -3.1400859950
9.0000000000 3.0381638086
9.0000000000 0.9583391028
9.5000000000 -0.2925274045
9.5000000000 -3.1440472555
9.5000000000 3.0325115134
9.5000000000 0.9417998274
10.0000000000 -0.3029004223
10.0000000000 -3.1475214404
10.0000000000 3.0282872115
10.0000000000 0.9269180613
10.5000000000 -0.3124311042
10.5000000000 -3.1505791382
10.5000000000 3.0251144504
10.5000000000 0.9134452524
11.0000000000 -0.3211889005
11.0000000000 -3.1533186491
11.0000000000 3.0226446691
11.0000000000 0.9012300038
11.5000000000 -0.3292324697
11.5000000000 -3.1558230848
11.5000000000 3.0206277900
11.5000000000 0.8901470829
12.0000000000 -0.3366236688
12.0000000000 -3.1581489458
12.0000000000 3.0189091450
12.0000000000 0.8800754817
12.5000000000 -0.3434271400
12.5000000000 -3.1603300803
12.5000000000 3.0174014880
12.5000000000 0.8708978828
13.0000000000 -0.3497059125
13.0000000000 -3.1623858697
13.0000000000 3.0160569790
13.0000000000 0.8625056154
13.5000000000 -0.3555177942
13.5000000000 -3.1643281942
13.5000000000 3.0148476904
13.5000000000 0.8548023761
14.0000000000 -0.3609137449
14.0000000000 -3.1661657084
14.0000000000 3.0137547476
14.0000000000 0.8477052804
14.5000000000 -0.3659378158
14.5000000000 -3.1679058659
14.5000000000 3.0127633447
14.5000000000 0.8411439558
15.0000000000 -0.3706278957
15.0000000000 -3.1695556157
15.0000000000 3.0118608818
15.0000000000 0.8350587638
15.5000000000 -0.3750166834
15.5000000000 -3.1711215136
15.5000000000 3.0110364039
15.5000000000 0.8293989101
16.0000000000 -0.3791325901
16.0000000000 -3.1726096704
16.0000000000 3.0102804291
16.0000000000 0.8241208015
16.5000000000 -0.3830004772
16.5000000000 -3.1740257051
16.5000000000 3.0095848212
16.5000000000 0.8191867361
17.0000000000 -0.3866422323
17.0000000000 -3.1753747417
17.0000000000 3.0089426315
17.0000000000 0.8145638875
17.5000000000 -0.3900772214
17.5000000000 -3.1766614380
17.5000000000 3.0083479247
17.5000000000 0.8102235135
18.0000000000 -0.3933226494
18.0000000000 -3.1778900294
18.0000000000 3.0077956132
18.0000000000 0.8061403283
18.5000000000 -0.3963938566
18.5000000000 -3.1790643736
18.5000000000 3.0072813139
18.5000000000 0.8022919930
19.0000000000 -0.3993045655
19.0000000000 -3.1801879926
19.0000000000 3.0068012297
19.0000000000 0.7986586965
19.5000000000 -0.4020670886
19.5000000000 -3.1812641085
19.5000000000 3.0063520544
19.5000000000 0.7952228064
20.0000000000 -0.4046925058
20.0000000000 -3.1822956759
20.0000000000 3.0059308946
20.0000000000 0.7919685764
20.5000000000 -0.4071908153
20.5000000000 -3.1832854086
20.5000000000 3.0055352077
20.5000000000 0.7888818995
21.0000000000 -0.4095710626
21.0000000000 -3.1842358044
21.0000000000 3.0051627497
21.0000000000 0.7859500994
21.5000000000 -0.4118414520
21.5000000000 -3.1851491655
21.5000000000 3.0048115328
21.5000000000 0.7831617525
22.0000000000 -0.4140094424
22.0000000000 -3.1860276180
22.0000000000 3.0044797897
22.0000000000 0.7805065367
22.5000000000 -0.4160818301
22.5000000000 -3.1868731279
22.5000000000 3.0041659441
22.5000000000 0.7779751007
23.0000000000 -0.4180648214
23.0000000000 -3.1876875164
23.0000000000 3.0038685851
23.0000000000 0.7755589527
23.5000000000 -0.4199640952
23.5000000000 -3.1884724723
23.5000000000 3.0035864467
23.5000000000 0.7732503627
24.0000000000 -0.4217848580
24.0000000000 -3.1892295648
24.0000000000 3.0033183890
24.0000000000 0.7710422795
24.5000000000 -0.4235318922
24.5000000000 -3.1899602529
24.5000000000 3.0030633834
24.5000000000 0.7689282570
25.0000000000 -0.4252095986
25.0000000000 -3.1906658957
25.0000000000 3.0028212056
25.0000000000 0.7669023014
25.5000000000 -0.4268220337
25.5000000000 -3.1913477603
25.5000000000 3.0025900760
25.5000000000 0.7649591814
26.0000000000 -0.4283729428
26.0000000000 -3.1920070298
26.0000000000 3.0023693469
26.0000000000 0.7630938153
26.5000000000 -0.4298657894
26.5000000000 -3.1926448101
26.5000000000 3.0021583310
26.5000000000 0.7613016140
27.0000000000 -0.4313037813
27.0000000000 -3.1932621358
27.0000000000 3.0019564004
27.0000000000 0.7595783437
27.5000000000 -0.4326898938
27.5000000000 -3.1938599762
27.5000000000 3.0017629801
27.5000000000 0.7579200920
28.0000000000 -0.4340268903
28.0000000000 -3.1944392403
28.0000000000 3.0015775427
28.0000000000 0.7563232375
28.5000000000 -0.4353173411
28.5000000000 -3.1950007814
28.5000000000 3.0013996035
28.5000000000 0.7547844240
29.0000000000 -0.4365636399
29.0000000000 -3.1955454011
29.0000000000 3.0012287165
29.0000000000 0.7533005358
29.5000000000 -0.4377680186
29.5000000000 -3.1960738535
29.5000000000 3.0010644700
29.5000000000 0.7518686768
30.0000000000 -0.4389325610
30.0000000000 -3.1965868485
30.0000000000 3.0009064842
30.0000000000 0.7504861516
