-20.000000 0.000000000025689
-19.900000 -0.000000000077995
-19.800000 -0.000000000228613
-19.700000 -0.000000000439759
-19.600000 -0.000000000727856
-19.500000 -0.000000001112515
-19.400000 -0.000000001616863
-19.300000 -0.000000002267834
-19.200000 -0.000000003096368
-19.100000 -0.000000004137480
-19.000000 -0.000000005430145
-18.900000 -0.000000007016912
-18.800000 -0.000000008943166
-18.700000 -0.000000011255926
-18.600000 -0.000000014002039
-18.500000 -0.000000017225638
-18.400000 -0.000000020964661
-18.300000 -0.000000025246246
-18.200000 -0.000000030080772
-18.100000 -0.000000035454297
-18.000000 -0.000000041319121
-17.900000 -0.000000047582198
-17.800000 -0.000000054091114
-17.700000 -0.000000060617329
-17.600000 -0.000000066836452
-17.500000 -0.000000072305295
-17.400000 -0.000000076435576
-17.300000 -0.000000078464181
-17.200000 -0.000000077420077
-17.100000 -0.000000072088096
-17.000000 -0.000000060970058
-16.900000 -0.000000042243988
-16.800000 -0.000000013722502
-16.700000 0.000000027188124
-16.600000 0.000000083526192
-16.500000 0.000000158807567
-16.400000 0.000000257050133
-16.300000 0.000000382785767
-16.200000 0.000000541054976
-16.100000 0.000000737378494
-16.000000 0.000000977699139
-15.900000 0.000001268286237
-15.800000 0.000001615593905
-15.700000 0.000002026063467
-15.600000 0.000002505859386
-15.500000 0.000003060527266
-15.400000 0.000003694561868
-15.300000 0.000004410872791
-15.200000 0.000005210135466
-15.100000 0.000006090015651
-15.000000 0.000007044256733
-14.900000 0.000008061620958
-14.800000 0.000009124678443
-14.700000 0.000010208441492
-14.600000 0.000011278846641
-14.500000 0.000012291092962
-14.400000 0.000013187852779
-14.300000 0.000013897380042
-14.200000 0.000014331552365
-14.100000 0.000014383895169
-14.000000 0.000013927650526
-13.900000 0.000012813969020
-13.800000 0.000010870320299
-13.700000 0.000007899236539
-13.600000 0.000003677522677
-13.500000 -0.000002043912550
-13.400000 -0.000009539430477
-13.300000 -0.000019107047427
-13.200000 -0.000031065618611
-13.100000 -0.000045750593236
-13.000000 -0.000063508100768
-12.900000 -0.000084687120858
-12.800000 -0.000109629488077
-12.700000 -0.000138657488895
-12.600000 -0.000172058823835
-12.500000 -0.000210068734030
-12.400000 -0.000252849130129
-12.300000 -0.000300464614291
-12.200000 -0.000352855354177
-12.100000 -0.000409806852848
-12.000000 -0.000470916761137
-11.900000 -0.000535559000056
-11.800000 -0.000602845600677
-11.700000 -0.000671586826033
-11.600000 -0.000740250315231
-11.500000 -0.000806920179436
-11.400000 -0.000869257182492
-11.300000 -0.000924461350639
-11.200000 -0.000969238572041
-11.100000 -0.000999772961907
-11.000000 -0.001011706976116
-10.900000 -0.001000131447804
-10.800000 -0.000959587888482
-10.700000 -0.000884085528403
-10.600000 -0.000767135659581
-10.500000 -0.000601805878221
-10.400000 -0.000380796790006
-10.300000 -0.000096543630463
-10.200000 0.000258654947491
-10.100000 0.000692478965955
-10.000000 0.001212398548824
-9.900000 0.001825453660234
-9.800000 0.002538001775338
-9.700000 0.003355433870671
-9.600000 0.004281860010195
-9.500000 0.005319766809779
-9.400000 0.006469650178641
-9.300000 0.007729627947790
-9.200000 0.009095038284576
-9.100000 0.010558031135629
-9.000000 0.012107161309214
-8.900000 0.013726993168511
-8.800000 0.015397728220977
-8.700000 0.017094868112524
-8.600000 0.018788926621907
-8.500000 0.020445205150412
-8.400000 0.022023646862845
-8.300000 0.023478785005448
-8.200000 0.024759800952998
-8.100000 0.025810707171722
-8.000000 0.026570669481936
-7.900000 0.026974481725507
-7.800000 0.026953204157819
-7.700000 0.026434974571137
-7.600000 0.025345998307519
-7.500000 0.023611719939875
-7.400000 0.021158175509744
-7.300000 0.017913519847086
-7.200000 0.013809718715503
-7.100000 0.008784390398644
-7.000000 0.002782775961293
-6.900000 -0.004240188109562
-6.800000 -0.012317726726925
-6.700000 -0.021469049761134
-6.600000 -0.031697184759780
-6.500000 -0.042986865977536
-6.400000 -0.055302530978654
-6.300000 -0.068586479415125
-6.200000 -0.082757250980610
-6.100000 -0.097708280833750
-6.000000 -0.113306890827286
-5.900000 -0.129393673542510
-5.800000 -0.145782323307141
-5.700000 -0.162259963992929
-5.600000 -0.178588017405462
-5.500000 -0.194503648489494
-5.400000 -0.209721814417369
-5.300000 -0.223937933989333
-5.200000 -0.236831181782686
-5.100000 -0.248068398318709
-5.000000 -0.257308593394868
-4.900000 -0.264208004921741
-4.800000 -0.268425660415765
-4.700000 -0.269629373071866
-4.600000 -0.267502089443610
-4.500000 -0.261748491582627
-4.400000 -0.252101743434448
-4.300000 -0.238330259756416
-4.200000 -0.220244366206960
-4.100000 -0.197702711924802
-4.000000 -0.170618291209560
-3.900000 -0.138963929125225
-3.800000 -0.102777087213673
-3.700000 -0.062163850200083
-3.600000 -0.017301962695331
-3.500000 0.031557203529696
-3.400000 0.084087856174553
-3.300000 0.139890249252478
-3.200000 0.198492475314132
-3.100000 0.259353624445378
-3.000000 0.321868325447244
-2.900000 0.385372656909907
-2.800000 0.449151387054563
-2.700000 0.512446471863017
-2.600000 0.574466711813381
-2.500000 0.634398439187037
-2.400000 0.691417081112321
-2.300000 0.744699418960981
-2.200000 0.793436343083975
-2.100000 0.836845883786780
-2.000000 0.874186285460201
-1.900000 0.904768881378015
-1.800000 0.927970522228176
-1.700000 0.943245312229843
-1.600000 0.950135412853297
-1.500000 0.948280685724294
-1.400000 0.937426963146044
-1.300000 0.917432756564349
-1.200000 0.888274239857292
-1.100000 0.850048375048566
-1.000000 0.802974082307472
-0.900000 0.747391393192356
-0.800000 0.683758565217676
-0.700000 0.612647176112797
-0.600000 0.534735256684819
-0.500000 0.450798561069210
-0.400000 0.361700111425380
-0.300000 0.268378189911591
-0.200000 0.171832983207489
-0.100000 0.073112113169911
0.000000 -0.026704689271277
0.100000 -0.126521491712465
0.200000 -0.225242361750042
0.300000 -0.321787568454144
0.400000 -0.415109489967934
0.500000 -0.504207939611762
0.600000 -0.588144635227372
0.700000 -0.666056554655349
0.800000 -0.737167943760228
0.900000 -0.800800771734908
1.000000 -0.856383460850024
1.100000 -0.903457753591118
1.200000 -0.941683618399843
1.300000 -0.970842135106900
1.400000 -0.990836341688594
1.500000 -1.001690064266845
1.600000 -1.003544791395848
1.700000 -0.996654690772394
1.800000 -0.981379900770726
1.900000 -0.958178259920565
2.000000 -0.927595664002751
2.100000 -0.890255262329329
2.200000 -0.846845721626525
2.300000 -0.798108797503530
2.400000 -0.744826459654870
2.500000 -0.687807817729587
2.600000 -0.627876090355930
2.700000 -0.565855850405567
2.800000 -0.502560765597112
2.900000 -0.438782035452455
3.000000 -0.375277703989794
3.100000 -0.312763002987928
3.200000 -0.251901853856681
3.300000 -0.193299627795028
3.400000 -0.137497234717102
3.500000 -0.084966582072246
3.600000 -0.036107415847218
3.700000 0.008754471657533
3.800000 0.049367708671123
3.900000 0.085554550582676
4.000000 0.117208912667009
4.100000 0.144293333382251
4.200000 0.166834987664410
4.300000 0.184920881213866
4.400000 0.198692364891898
4.500000 0.208339113040076
4.600000 0.214092710901059
4.700000 0.216219994529315
4.800000 0.215016281873214
4.900000 0.210798626379190
5.000000 0.203899214852317
5.100000 0.194659019776158
5.200000 0.183421803240135
5.300000 0.170528555446782
5.400000 0.156312435874818
5.500000 0.141094269946943
5.600000 0.125178638862910
5.700000 0.108850585450378
5.800000 0.092372944764591
5.900000 0.075984294999959
6.000000 0.059897512284735
6.100000 0.044298902291200
6.200000 0.029347872438059
6.300000 0.015177100872575
6.400000 0.001893152436102
6.500000 -0.010422512565015
6.600000 -0.021712193782771
6.700000 -0.031940328781418
6.800000 -0.041091651815625
6.900000 -0.049169190432990
7.000000 -0.056192154503842
7.100000 -0.062193768941195
7.200000 -0.067219097258055
7.300000 -0.071322898389636
7.400000 -0.074567554052295
7.500000 -0.077021098482425
7.600000 -0.078755376850069
7.700000 -0.079844353113689
7.800000 -0.080362582700369
7.900000 -0.080383860268058
8.000000 -0.079980048024486
8.100000 -0.079220085714273
8.200000 -0.078169179495549
8.300000 -0.076888163547999
8.400000 -0.075433025405395
8.500000 -0.073854583692963
8.600000 -0.072198305164458
8.700000 -0.070504246655075
8.800000 -0.068807106763528
8.900000 -0.067136371711061
9.000000 -0.065516539851764
9.100000 -0.063967409678180
9.200000 -0.062504416827127
9.300000 -0.061139006490342
9.400000 -0.059879028721192
9.500000 -0.058729145352330
9.600000 -0.057691238552746
9.700000 -0.056764812413222
9.800000 -0.055947380317889
9.900000 -0.055234832202784
10.000000 -0.054621777091375
10.100000 -0.054101857508506
10.200000 -0.053668033490042
10.300000 -0.053312834912088
10.400000 -0.053028581752545
10.500000 -0.052807572664330
10.600000 -0.052642242882970
10.700000 -0.052525293014148
10.800000 -0.052449790654070
10.900000 -0.052409247094747
11.000000 -0.052397671566435
11.100000 -0.052409605580645
11.200000 -0.052440139970510
11.300000 -0.052484917191913
11.400000 -0.052540121360059
11.500000 -0.052602458363116
11.600000 -0.052669128227320
11.700000 -0.052737791716518
11.800000 -0.052806532941874
11.900000 -0.052873819542495
12.000000 -0.052938461781425
12.100000 -0.052999571689703
12.200000 -0.053056523188373
12.300000 -0.053108913928260
12.400000 -0.053156529412421
12.500000 -0.053199309808520
12.600000 -0.053237319718714
12.700000 -0.053270721053655
12.800000 -0.053299749054471
12.900000 -0.053324691421690
13.000000 -0.053345870441781
13.100000 -0.053363627949312
13.200000 -0.053378312923936
13.300000 -0.053390271495119
13.400000 -0.053399839112069
13.500000 -0.053407334629996
13.600000 -0.053413056065221
13.700000 -0.053417277779084
13.800000 -0.053420248862842
13.900000 -0.053422192511562
14.000000 -0.053423306193067
14.100000 -0.053423762437709
14.200000 -0.053423710094904
14.300000 -0.053423275922579
14.400000 -0.053422566395330
14.500000 -0.053421669635512
14.600000 -0.053420657389192
14.700000 -0.053419586984043
14.800000 -0.053418503220994
14.900000 -0.053417440163509
15.000000 -0.053416422799284
15.100000 -0.053415468558202
15.200000 -0.053414588678016
15.300000 -0.053413789415342
15.400000 -0.053413073104418
15.500000 -0.053412439069816
15.600000 -0.053411884401937
15.700000 -0.053411404606017
15.800000 -0.053410994136457
15.900000 -0.053410646828789
16.000000 -0.053410356241689
16.100000 -0.053410115921045
16.200000 -0.053409919597527
16.300000 -0.053409761328318
16.400000 -0.053409635592684
16.500000 -0.053409537350109
16.600000 -0.053409462068742
16.700000 -0.053409405730674
16.800000 -0.053409364820048
16.900000 -0.053409336298563
17.000000 -0.053409317572493
17.100000 -0.053409306454455
17.200000 -0.053409301122473
17.300000 -0.053409300078370
17.400000 -0.053409302106975
17.500000 -0.053409306237255
17.600000 -0.053409311706099
17.700000 -0.053409317925222
17.800000 -0.053409324451438
17.900000 -0.053409330960352
18.000000 -0.053409337223429
18.100000 -0.053409343088253
18.200000 -0.053409348461778
18.300000 -0.053409353296305
18.400000 -0.053409357577890
18.500000 -0.053409361316912
18.600000 -0.053409364540511
18.700000 -0.053409367286625
18.800000 -0.053409369599384
18.900000 -0.053409371525639
19.000000 -0.053409373112406
19.100000 -0.053409374405071
19.200000 -0.053409375446183
19.300000 -0.053409376274716
19.400000 -0.053409376925688
19.500000 -0.053409377430037
19.600000 -0.053409377814695
19.700000 -0.053409378102792
19.800000 -0.053409378313937
19.900000 -0.053409378464555
