-20.000000 -0.000000000841120
-19.900000 -0.000000001251039
-19.800000 -0.000000001783923
-19.700000 -0.000000002466300
-19.600000 -0.000000003328268
-19.500000 -0.000000004403401
-19.400000 -0.000000005728422
-19.300000 -0.000000007342558
-19.200000 -0.000000009286490
-19.100000 -0.000000011600768
-19.000000 -0.000000014323566
-18.900000 -0.000000017487616
-18.800000 -0.000000021116135
-18.700000 -0.000000025217556
-18.600000 -0.000000029778840
-18.500000 -0.000000034757135
-18.400000 -0.000000040069537
-18.300000 -0.000000045580713
-18.200000 -0.000000051088144
-18.100000 -0.000000056304781
-18.000000 -0.000000060838946
-17.900000 -0.000000064171362
-17.800000 -0.000000065629329
-17.700000 -0.000000064358140
-17.600000 -0.000000059290052
-17.500000 -0.000000049111304
-17.400000 -0.000000032227975
-17.300000 -0.000000006731787
-17.200000 0.000000029632644
-17.100000 0.000000079497128
-17.000000 0.000000145893286
-16.900000 0.000000232266880
-16.800000 0.000000342479277
-16.700000 0.000000480791497
-16.600000 0.000000651825480
-16.500000 0.000000860496382
-16.400000 0.000001111908833
-16.300000 0.000001411209269
-16.200000 0.000001763385639
-16.100000 0.000002173005133
-16.000000 0.000002643880027
-15.900000 0.000003178651482
-15.800000 0.000003778281154
-15.700000 0.000004441440900
-15.600000 0.000005163791864
-15.500000 0.000005937145753
-15.400000 0.000006748503498
-15.300000 0.000007578969679
-15.200000 0.000008402545323
-15.100000 0.000009184807006
-15.000000 0.000009881486807
-14.900000 0.000010436975553
-14.800000 0.000010782781169
-14.700000 0.000010835984704
-14.600000 0.000010497748871
-14.500000 0.000009651947541
-14.400000 0.000008163999527
-14.300000 0.000005880005886
-14.200000 0.000002626306649
-14.100000 -0.000001790410146
-14.000000 -0.000007582297452
-13.900000 -0.000014978670646
-13.800000 -0.000024223281515
-13.700000 -0.000035570353147
-13.600000 -0.000049279175940
-13.500000 -0.000065607061611
-13.400000 -0.000084800454712
-13.300000 -0.000107084011382
-13.200000 -0.000132647474022
-13.100000 -0.000161630199978
-13.000000 -0.000194103243477
-12.900000 -0.000230048944335
-12.800000 -0.000269338045640
-12.700000 -0.000311704446579
-12.600000 -0.000356717796633
-12.500000 -0.000403754253632
-12.400000 -0.000451965860588
-12.300000 -0.000500249143850
-12.200000 -0.000547213696546
-12.100000 -0.000591151684118
-12.000000 -0.000630009389933
-11.900000 -0.000661362104294
-11.800000 -0.000682393844612
-11.700000 -0.000689883571954
-11.600000 -0.000680199732501
-11.500000 -0.000649305093549
-11.400000 -0.000592773953696
-11.300000 -0.000505823875931
-11.200000 -0.000383364110389
-11.100000 -0.000220062829852
-11.000000 -0.000010435185138
-10.900000 0.000251046011005
-10.800000 0.000569815453428
-10.700000 0.000951055240521
-10.600000 0.001399508867710
-10.500000 0.001919269299395
-10.400000 0.002513541823360
-10.300000 0.003184383226640
-10.200000 0.003932419773317
-10.100000 0.004756547503183
-10.000000 0.005653619491364
-9.900000 0.006618125893611
-9.800000 0.007641873825599
-9.700000 0.008713675357454
-9.600000 0.009819053112020
-9.500000 0.010939974097189
-9.400000 0.012054623434972
-9.300000 0.013137230524827
-9.200000 0.014157960845817
-9.100000 0.015082887009184
-9.000000 0.015874052767947
-8.900000 0.016489643422500
-8.800000 0.016884275383679
-8.700000 0.017009416525584
-8.600000 0.016813947345081
-8.500000 0.016244870818563
-8.400000 0.015248176195969
-8.300000 0.013769858797941
-8.200000 0.011757094200375
-8.100000 0.009159561035009
-8.000000 0.005930902056969
-7.900000 0.002030308201598
-7.800000 -0.002575794835532
-7.700000 -0.007911983299429
-7.600000 -0.013992026519720
-7.500000 -0.020817068893378
-7.400000 -0.028373844048787
-7.300000 -0.036632967023284
-7.200000 -0.045547354138448
-7.100000 -0.055050823289573
-7.000000 -0.065056929397274
-6.900000 -0.075458090627171
-6.800000 -0.086125060508946
-6.700000 -0.096906799139866
-6.600000 -0.107630793127583
-6.500000 -0.118103868733140
-6.400000 -0.128113535776460
-6.300000 -0.137429891266305
-6.200000 -0.145808101465992
-6.100000 -0.152991469308468
-6.000000 -0.158715080886761
-5.900000 -0.162710010380538
-5.800000 -0.164708047502084
-5.700000 -0.164446895672487
-5.600000 -0.161675773034578
-5.500000 -0.156161332476923
-5.400000 -0.147693801518736
-5.300000 -0.136093228646866
-5.200000 -0.121215709971821
-5.100000 -0.102959459346791
-5.000000 -0.081270576823078
-4.900000 -0.056148364917948
-4.800000 -0.027650040023212
-4.700000 0.004105312298415
-4.600000 0.038933684152679
-4.500000 0.076584131113900
-4.400000 0.116737920581372
-4.300000 0.159008949070712
-4.200000 0.202945513769836
-4.100000 0.248033499078592
-4.000000 0.293701011064521
-3.900000 0.339324462302620
-3.800000 0.384236077027113
-3.700000 0.427732752605991
-3.600000 0.469086178832639
-3.500000 0.507554082255413
-3.400000 0.542392429620893
-3.300000 0.572868393396119
-3.200000 0.598273854162059
-3.100000 0.617939190308466
-3.000000 0.631247085726820
-2.900000 0.637646071830092
-2.800000 0.636663511855470
-2.700000 0.627917733530496
-2.600000 0.611129021155805
-2.500000 0.586129190164991
-2.400000 0.552869486271297
-2.300000 0.511426577223089
-2.200000 0.462006437597483
-2.100000 0.404945965410145
-2.000000 0.340712212877274
-1.900000 0.269899161537358
-1.800000 0.193222023084858
-1.700000 0.111509100524158
-1.600000 0.025691298366198
-1.500000 -0.063210575752142
-1.400000 -0.154100523784693
-1.300000 -0.245823841352505
-1.200000 -0.337185085877322
-1.100000 -0.426967202748818
-1.000000 -0.513951451467365
-0.900000 -0.596937749281973
-0.800000 -0.674765033781473
-0.700000 -0.746331238739508
-0.600000 -0.810612479581766
-0.500000 -0.866681056223482
-0.400000 -0.913721901562410
-0.300000 -0.951047133213630
-0.200000 -0.978108403512613
-0.100000 -0.994506787550181
0.000000 -1.000000000000000
0.100000 -0.994506787550181
0.200000 -0.978108403512613
0.300000 -0.951047133213629
0.400000 -0.913721901562409
0.500000 -0.866681056223481
0.600000 -0.810612479581765
0.700000 -0.746331238739506
0.800000 -0.674765033781471
0.900000 -0.596937749281971
1.000000 -0.513951451467363
1.100000 -0.426967202748816
1.200000 -0.337185085877320
1.300000 -0.245823841352503
1.400000 -0.154100523784691
1.500000 -0.063210575752140
1.600000 0.025691298366200
1.700000 0.111509100524160
1.800000 0.193222023084860
1.900000 0.269899161537360
2.000000 0.340712212877275
2.100000 0.404945965410147
2.200000 0.462006437597484
2.300000 0.511426577223090
2.400000 0.552869486271297
2.500000 0.586129190164991
2.600000 0.611129021155806
2.700000 0.627917733530496
2.800000 0.636663511855470
2.900000 0.637646071830091
3.000000 0.631247085726820
3.100000 0.617939190308465
3.200000 0.598273854162059
3.300000 0.572868393396118
3.400000 0.542392429620893
3.500000 0.507554082255412
3.600000 0.469086178832638
3.700000 0.427732752605990
3.800000 0.384236077027112
3.900000 0.339324462302619
4.000000 0.293701011064520
4.100000 0.248033499078591
4.200000 0.202945513769836
4.300000 0.159008949070711
4.400000 0.116737920581371
4.500000 0.076584131113899
4.600000 0.038933684152678
4.700000 0.004105312298414
4.800000 -0.027650040023212
4.900000 -0.056148364917949
5.000000 -0.081270576823079
5.100000 -0.102959459346792
5.200000 -0.121215709971821
5.300000 -0.136093228646867
5.400000 -0.147693801518736
5.500000 -0.156161332476924
5.600000 -0.161675773034578
5.700000 -0.164446895672487
5.800000 -0.164708047502084
5.900000 -0.162710010380538
6.000000 -0.158715080886761
6.100000 -0.152991469308468
6.200000 -0.145808101465992
6.300000 -0.137429891266305
6.400000 -0.128113535776460
6.500000 -0.118103868733140
6.600000 -0.107630793127583
6.700000 -0.096906799139866
6.800000 -0.086125060508946
6.900000 -0.075458090627171
7.000000 -0.065056929397274
7.100000 -0.055050823289573
7.200000 -0.045547354138448
7.300000 -0.036632967023284
7.400000 -0.028373844048787
7.500000 -0.020817068893378
7.600000 -0.013992026519720
7.700000 -0.007911983299429
7.800000 -0.002575794835532
7.900000 0.002030308201599
8.000000 0.005930902056970
8.100000 0.009159561035009
8.200000 0.011757094200375
8.300000 0.013769858797941
8.400000 0.015248176195969
8.500000 0.016244870818563
8.600000 0.016813947345081
8.700000 0.017009416525584
8.800000 0.016884275383679
8.900000 0.016489643422500
9.000000 0.015874052767947
9.100000 0.015082887009184
9.200000 0.014157960845817
9.300000 0.013137230524827
9.400000 0.012054623434972
9.500000 0.010939974097189
9.600000 0.009819053112020
9.700000 0.008713675357454
9.800000 0.007641873825599
9.900000 0.006618125893611
10.000000 0.005653619491364
10.100000 0.004756547503183
10.200000 0.003932419773317
10.300000 0.003184383226640
10.400000 0.002513541823360
10.500000 0.001919269299395
10.600000 0.001399508867710
10.700000 0.000951055240521
10.800000 0.000569815453428
10.900000 0.000251046011005
11.000000 -0.000010435185138
11.100000 -0.000220062829852
11.200000 -0.000383364110389
11.300000 -0.000505823875931
11.400000 -0.000592773953696
11.500000 -0.000649305093549
11.600000 -0.000680199732501
11.700000 -0.000689883571954
11.800000 -0.000682393844612
11.900000 -0.000661362104294
12.000000 -0.000630009389933
12.100000 -0.000591151684118
12.200000 -0.000547213696546
12.300000 -0.000500249143850
12.400000 -0.000451965860588
12.500000 -0.000403754253632
12.600000 -0.000356717796633
12.700000 -0.000311704446579
12.800000 -0.000269338045640
12.900000 -0.000230048944335
13.000000 -0.000194103243477
13.100000 -0.000161630199978
13.200000 -0.000132647474022
13.300000 -0.000107084011382
13.400000 -0.000084800454712
13.500000 -0.000065607061611
13.600000 -0.000049279175940
13.700000 -0.000035570353147
13.800000 -0.000024223281515
13.900000 -0.000014978670646
14.000000 -0.000007582297452
14.100000 -0.000001790410146
14.200000 0.000002626306649
14.300000 0.000005880005886
14.400000 0.000008163999527
14.500000 0.000009651947541
14.600000 0.000010497748871
14.700000 0.000010835984704
14.800000 0.000010782781169
14.900000 0.000010436975553
15.000000 0.000009881486807
15.100000 0.000009184807006
15.200000 0.000008402545323
15.300000 0.000007578969679
15.400000 0.000006748503498
15.500000 0.000005937145753
15.600000 0.000005163791864
15.700000 0.000004441440900
15.800000 0.000003778281154
15.900000 0.000003178651482
16.000000 0.000002643880027
16.100000 0.000002173005133
16.200000 0.000001763385639
16.300000 0.000001411209269
16.400000 0.000001111908833
16.500000 0.000000860496382
16.600000 0.000000651825480
16.700000 0.000000480791497
16.800000 0.000000342479277
16.900000 0.000000232266880
17.000000 0.000000145893286
17.100000 0.000000079497128
17.200000 0.000000029632644
17.300000 -0.000000006731787
17.400000 -0.000000032227975
17.500000 -0.000000049111304
17.600000 -0.000000059290052
17.700000 -0.000000064358140
17.800000 -0.000000065629329
17.900000 -0.000000064171362
18.000000 -0.000000060838946
18.100000 -0.000000056304781
18.200000 -0.000000051088144
18.300000 -0.000000045580713
18.400000 -0.000000040069537
18.500000 -0.000000034757135
18.600000 -0.000000029778840
18.700000 -0.000000025217556
18.800000 -0.000000021116135
18.900000 -0.000000017487616
19.000000 -0.000000014323566
19.100000 -0.000000011600768
19.200000 -0.000000009286490
19.300000 -0.000000007342558
19.400000 -0.000000005728422
19.500000 -0.000000004403401
19.600000 -0.000000003328268
19.700000 -0.000000002466300
19.800000 -0.000000001783923
19.900000 -0.000000001251039
