30.000000000000000 0.000038540800121
30.500000000000000 0.000215911021113
31.000000000000000 0.000516189266871
31.500000000000000 0.000753504615738
32.000000000000000 0.000774688406992
32.500000000000000 0.000565958354334
33.000000000000000 0.000265144769675
33.500000000000000 0.000051263261912
34.000000000000000 0.000022317677986
34.500000000000000 0.000161882076464
35.000000000000000 0.000374856768973
35.500000000000000 0.000535416370270
36.000000000000000 0.000543677993790
36.500000000000000 0.000389985111685
37.000000000000000 0.000171551757847
37.500000000000000 0.000023394093759
38.000000000000000 0.000020318338760
38.500000000000000 0.000139629499222
39.000000000000000 0.000297654612100
39.500000000000000 0.000404329984727
40.000000000000000 0.000400577910831
40.500000000000000 0.000284783262369
41.000000000000000 0.000122588360497
41.500000000000000 0.000013057570451
42.000000000000000 0.000019662544909
42.500000000000000 0.000125033108771
43.000000000000000 0.000251679292666
43.500000000000000 0.000322250895121
44.000000000000000 0.000302762931608
44.500000000000000 0.000208304004276
45.000000000000000 0.000089104943256
45.500000000000000 0.000009336301016
46.000000000000000 0.000014924563680
46.500000000000000 0.000100812654420
47.000000000000000 0.000208477806737
47.500000000000000 0.000266098536585
48.000000000000000 0.000239841328808
48.500000000000000 0.000151982023206
49.000000000000000 0.000056877298210
49.500000000000000 0.000003722389152
50.000000000000000 0.000014162104534
