0.000000000000000 0.953590504554490
0.100000000000000 1.000678557443629
0.200000000000000 1.027530361745832
0.300000000000000 1.042352126491716
0.400000000000000 1.045335086915129
0.500000000000000 0.958350479853720
0.600000000000000 0.895244318740288
0.700000000000000 0.958282572624527
0.800000000000000 0.892691895184644
0.900000000000000 0.871555574582080
1.000000000000000 0.828260351489105
1.100000000000000 0.877641744109716
1.200000000000000 0.793640414165931
1.300000000000000 0.794909692629489
1.400000000000000 0.717756863322377
1.500000000000000 0.704170119625815
1.600000000000000 0.665906769635857
1.700000000000000 0.627520281995129
1.800000000000000 0.575808868790486
1.900000000000000 0.521621347573640
2.000000000000000 0.464562283187927
2.100000000000000 0.434365555785192
2.200000000000000 0.376343356401404
2.300000000000000 0.329905416101107
2.400000000000000 0.287702136121836
2.500000000000000 0.250732951620960
2.600000000000000 0.199718518393796
2.700000000000000 0.154873705821521
2.800000000000000 0.113475557227655
2.900000000000000 0.069336998326534
3.000000000000000 0.024145946729783
3.100000000000000 0.002597671604953
3.200000000000000 0.003521552770010
3.300000000000000 0.025233853821668
3.400000000000000 0.060392714128889
3.500000000000000 0.091410786091754
3.600000000000000 0.118227809087714
3.700000000000000 0.142706783667347
3.800000000000000 0.160936381133589
3.900000000000000 0.182609622294818
4.000000000000000 0.193252207983769
4.100000000000001 0.212938306137643
4.200000000000000 0.224982865318387
4.300000000000000 0.226410319308199
4.400000000000000 0.234440517492495
4.500000000000000 0.242446662549953
4.600000000000001 0.249294004332028
4.700000000000000 0.244503515254313
4.800000000000001 0.251218981691843
4.900000000000000 0.247112576543340
5.000000000000000 0.246588535065226
5.100000000000001 0.242523399016568
5.200000000000000 0.237278394333286
5.300000000000001 0.230620317546933
5.400000000000000 0.223419033026784
5.500000000000000 0.213000228092326
5.600000000000001 0.209699601423866
5.700000000000000 0.199668381414901
5.800000000000001 0.189809031259779
5.900000000000000 0.177854181630683
6.000000000000000 0.171006959196896
6.100000000000001 0.158036928805210
6.200000000000000 0.151107216755527
6.300000000000001 0.138607356919965
6.400000000000000 0.130149113423236
6.500000000000000 0.119971550708818
6.600000000000001 0.109899509504803
6.700000000000000 0.100038037309392
6.800000000000001 0.090385046950341
6.900000000000000 0.080839040107252
7.000000000000000 0.071500862610547
7.100000000000001 0.062381746162067
7.200000000000000 0.053570650863666
7.300000000000001 0.045019918152979
7.400000000000000 0.037002176590361
7.500000000000000 0.029585532887649
7.600000000000001 0.022882603163859
7.700000000000000 0.017334879142254
7.800000000000001 0.012980459120799
7.900000000000000 0.010125327109646
8.000000000000000 0.008475657041151
8.100000000000000 0.007260188212051
8.200000000000001 0.005423201822324
8.300000000000001 0.003410182547837
8.400000000000000 0.002652974166260
8.500000000000000 0.002376170772666
8.600000000000000 0.000642186256552
8.700000000000001 0.000114260698963
8.800000000000001 0.000041226304433
8.900000000000000 0.000064107955788
9.000000000000000 0.000028836484577
9.100000000000000 0.000007526336002
9.200000000000001 0.000001202238160
9.300000000000001 0.000000078037940
9.400000000000000 0.000000000083069
9.500000000000000 0.000000004839393
9.600000000000001 0.000000097473281
9.700000000000001 0.000000403244299
9.800000000000001 0.000000938756299
9.900000000000000 0.000001612610306
10.000000000000000 0.000002290292380
10.100000000000001 0.000002852415002
10.200000000000001 0.000003224607156
10.300000000000001 0.000003382106411
10.400000000000000 0.000003339785523
10.500000000000000 0.000003137138761
10.600000000000001 0.000002824053472
10.700000000000001 0.000002450000922
10.800000000000001 0.000002057265200
10.900000000000000 0.000001677765265
11.000000000000000 0.000001332571251
11.100000000000001 0.000001033128390
11.200000000000001 0.000000783323137
11.300000000000001 0.000000581745940
11.400000000000000 0.000000423743622
11.500000000000000 0.000000303060275
11.600000000000001 0.000000213015361
11.700000000000001 0.000000147259113
11.800000000000001 0.000000100188782
11.900000000000000 0.000000067119577
12.000000000000000 0.000000044295345
12.100000000000001 0.000000028806796
12.200000000000001 0.000000018466185
12.300000000000001 0.000000011670620
12.400000000000000 0.000000007272922
12.500000000000000 0.000000004469535
12.600000000000001 0.000000002708772
12.700000000000001 0.000000001618959
12.800000000000001 0.000000000954175
12.900000000000000 0.000000000554503
13.000000000000000 0.000000000317683
13.100000000000001 0.000000000179394
13.200000000000001 0.000000000099822
13.300000000000001 0.000000000054715
13.400000000000000 0.000000000029531
13.500000000000000 0.000000000015686
13.600000000000001 0.000000000008195
13.700000000000001 0.000000000004209
13.800000000000001 0.000000000002123
13.900000000000000 0.000000000001050
14.000000000000000 0.000000000000509
14.100000000000001 0.000000000000242
14.200000000000001 0.000000000000112
14.300000000000001 0.000000000000051
14.400000000000000 0.000000000000022
14.500000000000000 0.000000000000009
14.600000000000001 0.000000000000004
14.700000000000001 0.000000000000002
14.800000000000001 0.000000000000001
14.900000000000000 0.000000000000000
15.000000000000000 0.000000000000000
15.100000000000001 0.000000000000000
15.200000000000001 0.000000000000000
15.300000000000001 0.000000000000000
15.400000000000000 0.000000000000000
15.500000000000000 0.000000000000000
15.600000000000001 0.000000000000000
15.700000000000001 0.000000000000000
15.800000000000001 0.000000000000000
15.900000000000000 0.000000000000000
16.000000000000000 0.000000000000000
16.100000000000001 0.000000000000000
16.199999999999999 0.000000000000000
16.300000000000001 0.000000000000000
16.400000000000002 0.000000000000000
16.500000000000000 0.000000000000000
16.600000000000001 0.000000000000000
16.699999999999999 0.000000000000000
16.800000000000001 0.000000000000000
16.900000000000002 0.000000000000000
17.000000000000000 0.000000000000000
17.100000000000001 0.000000000000000
17.199999999999999 0.000000000000000
17.300000000000001 0.000000000000000
17.400000000000002 0.000000000000000
17.500000000000000 0.000000000000000
17.600000000000001 0.000000000000000
17.699999999999999 0.000000000000000
17.800000000000001 0.000000000000000
17.900000000000002 0.000000000000000
18.000000000000000 0.000000000000000
18.100000000000001 0.000000000000000
18.199999999999999 0.000000000000000
18.300000000000001 0.000000000000000
18.400000000000002 0.000000000000000
18.500000000000000 0.000000000000000
18.600000000000001 0.000000000000000
18.699999999999999 0.000000000000000
18.800000000000001 0.000000000000000
18.900000000000002 0.000000000000000
19.000000000000000 0.000000000000000
19.100000000000001 0.000000000000000
19.200000000000003 0.000000000000000
19.300000000000001 0.000000000000000
19.400000000000002 0.000000000000000
19.500000000000000 0.000000000000000
19.600000000000001 0.000000000000000
19.700000000000003 0.000000000000000
19.800000000000001 0.000000000000000
19.900000000000002 0.000000000000000
20.000000000000000 0.000000000000000
20.100000000000001 0.000000000000000
20.200000000000003 0.000000000000000
20.300000000000001 0.000000000000000
20.400000000000002 0.000000000000000
20.500000000000000 0.000000000000000
20.600000000000001 0.000000000000000
20.700000000000003 0.000000000000000
20.800000000000001 0.000000000000000
20.900000000000002 0.000000000000000
21.000000000000000 0.000000000000000
21.100000000000001 0.000000000000000
21.200000000000003 0.000000000000000
21.300000000000001 0.000000000000000
21.400000000000002 0.000000000000000
21.500000000000000 0.000000000000000
21.600000000000001 0.000000000000000
21.700000000000003 0.000000000000000
21.800000000000001 0.000000000000000
21.900000000000002 0.000000000000000
22.000000000000000 0.000000000000000
22.100000000000001 0.000000000000000
22.200000000000003 0.000000000000000
22.300000000000001 0.000000000000000
22.400000000000002 0.000000000000000
22.500000000000000 0.000000000000000
22.600000000000001 0.000000000000000
22.700000000000003 0.000000000000000
22.800000000000001 0.000000000000000
22.900000000000002 0.000000000000000
23.000000000000000 0.000000000000000
23.100000000000001 0.000000000000000
23.200000000000003 0.000000000000000
23.300000000000001 0.000000000000000
23.400000000000002 0.000000000000000
23.500000000000000 0.000000000000000
23.600000000000001 0.000000000000000
23.700000000000003 0.000000000000000
23.800000000000001 0.000000000000000
23.900000000000002 0.000000000000000
24.000000000000000 0.000000000000000
24.100000000000001 0.000000000000000
24.200000000000003 0.000000000000000
24.300000000000001 0.000000000000000
24.400000000000002 0.000000000000000
24.500000000000000 0.000000000000000
24.600000000000001 0.000000000000000
24.700000000000003 0.000000000000000
24.800000000000001 0.000000000000000
24.900000000000002 0.000000000000000
25.000000000000000 0.000000000000000
25.100000000000001 0.000000000000000
25.200000000000003 0.000000000000000
25.300000000000001 0.000000000000000
25.400000000000002 0.000000000000000
25.500000000000000 0.000000000000000
25.600000000000001 0.000000000000000
25.700000000000003 0.000000000000000
25.800000000000001 0.000000000000000
25.900000000000002 0.000000000000000
26.000000000000000 0.000000000000000
26.100000000000001 0.000000000000000
26.200000000000003 0.000000000000000
26.300000000000001 0.000000000000000
26.400000000000002 0.000000000000000
26.500000000000000 0.000000000000000
26.600000000000001 0.000000000000000
26.700000000000003 0.000000000000000
26.800000000000001 0.000000000000000
26.900000000000002 0.000000000000000
27.000000000000000 0.000000000000000
27.100000000000001 0.000000000000000
27.200000000000003 0.000000000000000
27.300000000000001 0.000000000000000
27.400000000000002 0.000000000000000
27.500000000000000 0.000000000000000
27.600000000000001 0.000000000000000
27.700000000000003 0.000000000000000
27.800000000000001 0.000000000000000
27.900000000000002 0.000000000000000
28.000000000000000 0.000000000000000
28.100000000000001 0.000000000000000
28.200000000000003 0.000000000000000
28.300000000000001 0.000000000000000
28.400000000000002 0.000000000000000
28.500000000000000 0.000000000000000
28.600000000000001 0.000000000000000
28.700000000000003 0.000000000000000
28.800000000000001 0.000000000000000
28.900000000000002 0.000000000000000
29.000000000000000 0.000000000000000
29.100000000000001 0.000000000000000
29.200000000000003 0.000000000000000
29.300000000000001 0.000000000000000
29.400000000000002 0.000000000000000
29.500000000000000 0.000000000000000
29.600000000000001 0.000000000000000
29.700000000000003 0.000000000000000
29.800000000000001 0.000000000000000
29.900000000000002 0.000000000000000
30.000000000000000 0.000000000000000
30.100000000000001 0.000000000000000
30.200000000000003 0.000000000000000
30.300000000000001 0.000000000000000
30.400000000000002 0.000000000000000
30.500000000000000 0.000000000000000
30.600000000000001 0.000000000000000
30.700000000000003 0.000000000000000
30.800000000000001 0.000000000000000
30.900000000000002 0.000000000000000
31.000000000000000 0.000000000000000
31.100000000000001 0.000000000000000
31.200000000000003 0.000000000000000
31.300000000000001 0.000000000000000
31.400000000000002 0.000000000000000
31.500000000000000 0.000000000000000
31.600000000000001 0.000000000000000
31.700000000000003 0.000000000000000
31.800000000000001 0.000000000000000
31.900000000000002 0.000000000000000
32.000000000000000 0.000000000000000
32.100000000000001 0.000000000000000
32.200000000000003 0.000000000000000
32.300000000000004 0.000000000000000
32.399999999999999 0.000000000000000
32.500000000000000 0.000000000000000
32.600000000000001 0.000000000000000
32.700000000000003 0.000000000000000
32.800000000000004 0.000000000000000
32.899999999999999 0.000000000000000
33.000000000000000 0.000000000000000
33.100000000000001 0.000000000000000
33.200000000000003 0.000000000000000
33.300000000000004 0.000000000000000
33.399999999999999 0.000000000000000
33.500000000000000 0.000000000000000
33.600000000000001 0.000000000000000
33.700000000000003 0.000000000000000
33.800000000000004 0.000000000000000
33.899999999999999 0.000000000000000
34.000000000000000 0.000000000000000
34.100000000000001 0.000000000000000
34.200000000000003 0.000000000000000
34.300000000000004 0.000000000000000
34.399999999999999 0.000000000000000
34.500000000000000 0.000000000000000
34.600000000000001 0.000000000000000
34.700000000000003 0.000000000000000
34.800000000000004 0.000000000000000
34.899999999999999 0.000000000000000
35.000000000000000 0.000000000000000
35.100000000000001 0.000000000000000
35.200000000000003 0.000000000000000
35.300000000000004 0.000000000000000
35.399999999999999 0.000000000000000
35.500000000000000 0.000000000000000
35.600000000000001 0.000000000000000
35.700000000000003 0.000000000000000
35.800000000000004 0.000000000000000
35.899999999999999 0.000000000000000
36.000000000000000 0.000000000000000
36.100000000000001 0.000000000000000
36.200000000000003 0.000000000000000
36.300000000000004 0.000000000000000
36.399999999999999 0.000000000000000
36.500000000000000 0.000000000000000
36.600000000000001 0.000000000000000
36.700000000000003 0.000000000000000
36.800000000000004 0.000000000000000
36.899999999999999 0.000000000000000
37.000000000000000 0.000000000000000
37.100000000000001 0.000000000000000
37.200000000000003 0.000000000000000
37.300000000000004 0.000000000000000
37.399999999999999 0.000000000000000
37.500000000000000 0.000000000000000
37.600000000000001 0.000000000000000
37.700000000000003 0.000000000000000
37.800000000000004 0.000000000000000
37.899999999999999 0.000000000000000
38.000000000000000 0.000000000000000
38.100000000000001 0.000000000000000
38.200000000000003 0.000000000000000
38.300000000000004 0.000000000000000
38.400000000000006 0.000000000000000
38.500000000000000 0.000000000000000
38.600000000000001 0.000000000000000
38.700000000000003 0.000000000000000
38.800000000000004 0.000000000000000
38.900000000000006 0.000000000000000
39.000000000000000 0.000000000000000
39.100000000000001 0.000000000000000
39.200000000000003 0.000000000000000
39.300000000000004 0.000000000000000
39.400000000000006 0.000000000000000
39.500000000000000 0.000000000000000
39.600000000000001 0.000000000000000
39.700000000000003 0.000000000000000
39.800000000000004 0.000000000000000
39.900000000000006 0.000000000000000
40.000000000000000 0.000000000000000
40.100000000000001 0.000000000000000
40.200000000000003 0.000000000000000
40.300000000000004 0.000000000000000
40.400000000000006 0.000000000000000
40.500000000000000 0.000000000000000
40.600000000000001 0.000000000000000
40.700000000000003 0.000000000000000
40.800000000000004 0.000000000000000
40.900000000000006 0.000000000000000
41.000000000000000 0.000000000000000
41.100000000000001 0.000000000000000
41.200000000000003 0.000000000000000
41.300000000000004 0.000000000000000
41.400000000000006 0.000000000000000
41.500000000000000 0.000000000000000
41.600000000000001 0.000000000000000
41.700000000000003 0.000000000000000
41.800000000000004 0.000000000000000
41.900000000000006 0.000000000000000
42.000000000000000 0.000000000000000
42.100000000000001 0.000000000000000
42.200000000000003 0.000000000000000
42.300000000000004 0.000000000000000
42.400000000000006 0.000000000000000
42.500000000000000 0.000000000000000
42.600000000000001 0.000000000000000
42.700000000000003 0.000000000000000
42.800000000000004 0.000000000000000
42.900000000000006 0.000000000000000
43.000000000000000 0.000000000000000
43.100000000000001 0.000000000000000
43.200000000000003 0.000000000000000
43.300000000000004 0.000000000000000
43.400000000000006 0.000000000000000
43.500000000000000 0.000000000000000
43.600000000000001 0.000000000000000
43.700000000000003 0.000000000000000
43.800000000000004 0.000000000000000
43.900000000000006 0.000000000000000
44.000000000000000 0.000000000000000
44.100000000000001 0.000000000000000
44.200000000000003 0.000000000000000
44.300000000000004 0.000000000000000
44.400000000000006 0.000000000000000
44.500000000000000 0.000000000000000
44.600000000000001 0.000000000000000
44.700000000000003 0.000000000000000
44.800000000000004 0.000000000000000
44.900000000000006 0.000000000000000
45.000000000000000 0.000000000000000
45.100000000000001 0.000000000000000
45.200000000000003 0.000000000000000
45.300000000000004 0.000000000000000
45.400000000000006 0.000000000000000
45.500000000000000 0.000000000000000
45.600000000000001 0.000000000000000
45.700000000000003 0.000000000000000
45.800000000000004 0.000000000000000
45.900000000000006 0.000000000000000
46.000000000000000 0.000000000000000
46.100000000000001 0.000000000000000
46.200000000000003 0.000000000000000
46.300000000000004 0.000000000000000
46.400000000000006 0.000000000000000
46.500000000000000 0.000000000000000
46.600000000000001 0.000000000000000
46.700000000000003 0.000000000000000
46.800000000000004 0.000000000000000
46.900000000000006 0.000000000000000
47.000000000000000 0.000000000000000
47.100000000000001 0.000000000000000
47.200000000000003 0.000000000000000
47.300000000000004 0.000000000000000
47.400000000000006 0.000000000000000
47.500000000000000 0.000000000000000
47.600000000000001 0.000000000000000
47.700000000000003 0.000000000000000
47.800000000000004 0.000000000000000
47.900000000000006 0.000000000000000
48.000000000000000 0.000000000000000
48.100000000000001 0.000000000000000
48.200000000000003 0.000000000000000
48.300000000000004 0.000000000000000
48.400000000000006 0.000000000000000
48.500000000000000 0.000000000000000
48.600000000000001 0.000000000000000
48.700000000000003 0.000000000000000
48.800000000000004 0.000000000000000
48.900000000000006 0.000000000000000
49.000000000000000 0.000000000000000
49.100000000000001 0.000000000000000
49.200000000000003 0.000000000000000
49.300000000000004 0.000000000000000
49.400000000000006 0.000000000000000
49.500000000000000 0.000000000000000
49.600000000000001 0.000000000000000
49.700000000000003 0.000000000000000
49.800000000000004 0.000000000000000
49.900000000000006 0.000000000000000
