50.000000000000000 0.000184258157996
50.500000000000000 0.000178452977542
51.000000000000000 0.000172891610950
51.500000000000000 0.000167561254302
52.000000000000000 0.000162449911259
52.500000000000000 0.000157546333559
53.000000000000000 0.000152839966515
53.500000000000000 0.000148320899076
54.000000000000000 0.000143979817995
54.500000000000000 0.000139807965733
55.000000000000000 0.000135797101757
55.500000000000000 0.000131939466919
56.000000000000000 0.000128227750642
56.500000000000000 0.000124655060668
57.000000000000000 0.000121214895131
57.500000000000000 0.000117901116772
58.000000000000000 0.000114707929088
58.500000000000000 0.000111629854274
59.000000000000000 0.000108661712794
59.500000000000000 0.000105798604447
60.000000000000000 0.000103035890804
60.500000000000000 0.000100369178911
61.000000000000000 0.000097794306151
61.500000000000000 0.000095307326165
62.000000000000000 0.000092904495763
62.500000000000000 0.000090582262739
63.000000000000000 0.000088337254515
63.500000000000000 0.000086166267560
64.000000000000000 0.000084066257522
64.500000000000000 0.000082034330012
65.000000000000000 0.000080067732003
65.500000000000000 0.000078163843787
66.000000000000000 0.000076320171457
66.500000000000000 0.000074534339874
67.000000000000000 0.000072804086076
67.500000000000000 0.000071127253116
68.000000000000000 0.000069501784272
68.500000000000000 0.000067925717630
69.000000000000000 0.000066397180993
69.500000000000000 0.000064914387107
70.000000000000000 0.000063475629173
