50.000000000000000 0.000041526067722
50.500000000000000 0.000112485811935
51.000000000000000 0.000074186560537
51.500000000000000 0.000066011882819
52.000000000000000 0.000097125358072
52.500000000000000 0.000036403617058
53.000000000000000 0.000104309420467
53.500000000000000 0.000025005717583
54.000000000000000 0.000098088427306
54.500000000000000 0.000026374935502
55.000000000000000 0.000085024122746
55.500000000000000 0.000033459234614
56.000000000000000 0.000070742593588
56.500000000000000 0.000041383565461
57.000000000000000 0.000058408930021
57.500000000000000 0.000047372160496
58.000000000000000 0.000049413479714
58.500000000000000 0.000050665827537
59.000000000000000 0.000043169299386
59.500000000000000 0.000051677352184
60.000000000000000 0.000039174776533
60.500000000000000 0.000050727307261
61.000000000000000 0.000036435953991
61.500000000000000 0.000048741611162
62.000000000000000 0.000034352791753
62.500000000000000 0.000045879463016
63.000000000000000 0.000032682468904
63.500000000000000 0.000042636895350
64.000000000000000 0.000031033026243
64.500000000000000 0.000039188008644
65.000000000000000 0.000029641372024
65.500000000000000 0.000035552488818
66.000000000000000 0.000028348120154
66.500000000000000 0.000032071705165
67.000000000000000 0.000027340122373
67.500000000000000 0.000028592886401
68.000000000000000 0.000026678791351
68.500000000000000 0.000025463197604
69.000000000000000 0.000026205771239
69.500000000000000 0.000022726382469
70.000000000000000 0.000026011457636
