50.0000000000 0.7921251611
50.0000000000 4.7977129119
50.0000000000 2.0155804169
50.5000000000 0.7915962945
50.5000000000 4.7982478955
50.5000000000 2.0145276400
51.0000000000 0.7910781447
51.0000000000 4.7987708433
51.0000000000 2.0134970094
51.5000000000 0.7905703891
51.5000000000 4.7992821569
51.5000000000 2.0124878318
52.0000000000 0.7900727178
52.0000000000 4.7997822201
52.0000000000 2.0114994431
52.5000000000 0.7895848331
52.5000000000 4.8002714001
52.5000000000 2.0105312059
53.0000000000 0.7891064490
53.0000000000 4.8007500482
53.0000000000 2.0095825089
53.5000000000 0.7886372904
53.5000000000 4.8012185009
53.5000000000 2.0086527654
54.0000000000 0.7881770928
54.0000000000 4.8016770803
54.0000000000 2.0077414117
54.5000000000 0.7877256018
54.5000000000 4.8021260954
54.5000000000 2.0068479066
55.0000000000 0.7872825723
55.0000000000 4.8025658420
55.0000000000 2.0059717299
55.5000000000 0.7868477687
55.5000000000 4.8029966042
55.5000000000 2.0051123812
56.0000000000 0.7864209638
56.0000000000 4.8034186545
56.0000000000 2.0042693795
56.5000000000 0.7860019387
56.5000000000 4.8038322544
56.5000000000 2.0034422620
57.0000000000 0.7855904825
57.0000000000 4.8042376552
57.0000000000 2.0026305830
57.5000000000 0.7851863919
57.5000000000 4.8046350983
57.5000000000 2.0018339136
58.0000000000 0.7847894706
58.0000000000 4.8050248155
58.0000000000 2.0010518405
58.5000000000 0.7843995296
58.5000000000 4.8054070300
58.5000000000 2.0002839656
59.0000000000 0.7840163861
59.0000000000 4.8057819563
59.0000000000 1.9995299050
59.5000000000 0.7836398638
59.5000000000 4.8061498008
59.5000000000 1.9987892887
60.0000000000 0.7832697926
60.0000000000 4.8065107623
60.0000000000 1.9980617597
60.5000000000 0.7829060078
60.5000000000 4.8068650321
60.5000000000 1.9973469736
61.0000000000 0.7825483507
61.0000000000 4.8072127945
61.0000000000 1.9966445981
61.5000000000 0.7821966675
61.5000000000 4.8075542273
61.5000000000 1.9959543121
62.0000000000 0.7818508098
62.0000000000 4.8078895015
62.0000000000 1.9952758058
62.5000000000 0.7815106340
62.5000000000 4.8082187824
62.5000000000 1.9946087798
63.0000000000 0.7811760011
63.0000000000 4.8085422291
63.0000000000 1.9939529446
63.5000000000 0.7808467766
63.5000000000 4.8088599953
63.5000000000 1.9933080207
64.0000000000 0.7805228305
64.0000000000 4.8091722293
64.0000000000 1.9926737376
64.5000000000 0.7802040367
64.5000000000 4.8094790744
64.5000000000 1.9920498336
65.0000000000 0.7798902732
65.0000000000 4.8097806688
65.0000000000 1.9914360559
65.5000000000 0.7795814219
65.5000000000 4.8100771461
65.5000000000 1.9908321596
66.0000000000 0.7792773682
66.0000000000 4.8103686354
66.0000000000 1.9902379075
66.5000000000 0.7789780012
66.5000000000 4.8106552616
66.5000000000 1.9896530702
67.0000000000 0.7786832133
67.0000000000 4.8109371453
67.0000000000 1.9890774254
67.5000000000 0.7783929002
67.5000000000 4.8112144032
67.5000000000 1.9885107579
68.0000000000 0.7781069607
68.0000000000 4.8114871483
68.0000000000 1.9879528590
68.5000000000 0.7778252966
68.5000000000 4.8117554898
68.5000000000 1.9874035265
69.0000000000 0.7775478128
69.0000000000 4.8120195335
69.0000000000 1.9868625643
69.5000000000 0.7772744169
69.5000000000 4.8122793818
69.5000000000 1.9863297824
70.0000000000 0.7770050191
70.0000000000 4.8125351340
70.0000000000 1.9858049963
