-50.000000 -3.336754
-49.900000 -3.336522
-49.800000 -3.336289
-49.700000 -3.336056
-49.600000 -3.335821
-49.500000 -3.335586
-49.400000 -3.335349
-49.300000 -3.335112
-49.200000 -3.334874
-49.100000 -3.334634
-49.000000 -3.334394
-48.900000 -3.334153
-48.800000 -3.333910
-48.700000 -3.333667
-48.600000 -3.333423
-48.500000 -3.333177
-48.400000 -3.332931
-48.300000 -3.332684
-48.200000 -3.332435
-48.100000 -3.332186
-48.000000 -3.331936
-47.900000 -3.331684
-47.800000 -3.331432
-47.700000 -3.331178
-47.600000 -3.330923
-47.500000 -3.330668
-47.400000 -3.330411
-47.300000 -3.330153
-47.200000 -3.329894
-47.100000 -3.329634
-47.000000 -3.329373
-46.900000 -3.329111
-46.800000 -3.328847
-46.700000 -3.328583
-46.600000 -3.328317
-46.500000 -3.328050
-46.400000 -3.327782
-46.300000 -3.327513
-46.200000 -3.327243
-46.100000 -3.326971
-46.000000 -3.326699
-45.900000 -3.326425
-45.800000 -3.326150
-45.700000 -3.325874
-45.600000 -3.325596
-45.500000 -3.325317
-45.400000 -3.325038
-45.300000 -3.324756
-45.200000 -3.324474
-45.100000 -3.324190
-45.000000 -3.323906
-44.900000 -3.323619
-44.800000 -3.323332
-44.700000 -3.323043
-44.600000 -3.322753
-44.500000 -3.322462
-44.400000 -3.322169
-44.300000 -3.321875
-44.200000 -3.321580
-44.100000 -3.321284
-44.000000 -3.320986
-43.900000 -3.320686
-43.800000 -3.320386
-43.700000 -3.320083
-43.600000 -3.319780
-43.500000 -3.319475
-43.400000 -3.319169
-43.300000 -3.318861
-43.200000 -3.318552
-43.100000 -3.318242
-43.000000 -3.317930
-42.900000 -3.317616
-42.800000 -3.317301
-42.700000 -3.316985
-42.600000 -3.316667
-42.500000 -3.316348
-42.400000 -3.316027
-42.300000 -3.315705
-42.200000 -3.315381
-42.100000 -3.315055
-42.000000 -3.314728
-41.900000 -3.314400
-41.800000 -3.314070
-41.700000 -3.313738
-41.600000 -3.313405
-41.500000 -3.313070
-41.400000 -3.312733
-41.300000 -3.312395
-41.200000 -3.312055
-41.100000 -3.311714
-41.000000 -3.311371
-40.900000 -3.311026
-40.800000 -3.310680
-40.700000 -3.310331
-40.600000 -3.309981
-40.500000 -3.309630
-40.400000 -3.309276
-40.300000 -3.308921
-40.200000 -3.308564
-40.100000 -3.308206
-40.000000 -3.307845
-39.900000 -3.307483
-39.800000 -3.307119
-39.700000 -3.306753
-39.600000 -3.306385
-39.500000 -3.306016
-39.400000 -3.305644
-39.300000 -3.305271
-39.200000 -3.304896
-39.100000 -3.304518
-39.000000 -3.304139
-38.900000 -3.303758
-38.800000 -3.303375
-38.700000 -3.302990
-38.600000 -3.302603
-38.500000 -3.302214
-38.400000 -3.301823
-38.300000 -3.301430
-38.200000 -3.301034
-38.100000 -3.300637
-38.000000 -3.300238
-37.900000 -3.299836
-37.800000 -3.299433
-37.700000 -3.299027
-37.600000 -3.298619
-37.500000 -3.298209
-37.400000 -3.297797
-37.300000 -3.297383
-37.200000 -3.296966
-37.100000 -3.296547
-37.000000 -3.296126
-36.900000 -3.295702
-36.800000 -3.295277
-36.700000 -3.294848
-36.600000 -3.294418
-36.500000 -3.293985
-36.400000 -3.293550
-36.300000 -3.293112
-36.200000 -3.292672
-36.100000 -3.292230
-36.000000 -3.291785
-35.900000 -3.291338
-35.800000 -3.290888
-35.700000 -3.290436
-35.600000 -3.289981
-35.500000 -3.289523
-35.400000 -3.289063
-35.300000 -3.288600
-35.200000 -3.288135
-35.100000 -3.287667
-35.000000 -3.287197
-34.900000 -3.286723
-34.800000 -3.286247
-34.700000 -3.285768
-34.600000 -3.285287
-34.500000 -3.284802
-34.400000 -3.284315
-34.300000 -3.283825
-34.200000 -3.283332
-34.100000 -3.282837
-34.000000 -3.282338
-33.900000 -3.281836
-33.800000 -3.281332
-33.700000 -3.280824
-33.600000 -3.280314
-33.500000 -3.279800
-33.400000 -3.279283
-33.300000 -3.278763
-33.200000 -3.278240
-33.100000 -3.277714
-33.000000 -3.277185
-32.900000 -3.276652
-32.800000 -3.276117
-32.700000 -3.275578
-32.600000 -3.275035
-32.500000 -3.274490
-32.400000 -3.273940
-32.300000 -3.273388
-32.200000 -3.272832
-32.100000 -3.272273
-32.000000 -3.271710
-31.900000 -3.271143
-31.800000 -3.270574
-31.700000 -3.270000
-31.600000 -3.269423
-31.500000 -3.268842
-31.400000 -3.268257
-31.300000 -3.267669
-31.200000 -3.267077
-31.100000 -3.266481
-31.000000 -3.265882
-30.900000 -3.265278
-30.800000 -3.264671
-30.700000 -3.264059
-30.600000 -3.263444
-30.500000 -3.262824
-30.400000 -3.262201
-30.300000 -3.261573
-30.200000 -3.260941
-30.100000 -3.260305
-30.000000 -3.259665
-29.900000 -3.259020
-29.800000 -3.258371
-29.700000 -3.257718
-29.600000 -3.257060
-29.500000 -3.256398
-29.400000 -3.255732
-29.300000 -3.255060
-29.200000 -3.254385
-29.100000 -3.253704
-29.000000 -3.253019
-28.900000 -3.252329
-28.800000 -3.251635
-28.700000 -3.250935
-28.600000 -3.250231
-28.500000 -3.249521
-28.400000 -3.248807
-28.300000 -3.248088
-28.200000 -3.247363
-28.100000 -3.246634
-28.000000 -3.245899
-27.900000 -3.245159
-27.800000 -3.244413
-27.700000 -3.243662
-27.600000 -3.242906
-27.500000 -3.242144
-27.400000 -3.241377
-27.300000 -3.240604
-27.200000 -3.239826
-27.100000 -3.239041
-27.000000 -3.238251
-26.900000 -3.237455
-26.800000 -3.236653
-26.700000 -3.235845
-26.600000 -3.235031
-26.500000 -3.234211
-26.400000 -3.233384
-26.300000 -3.232552
-26.200000 -3.231713
-26.100000 -3.230867
-26.000000 -3.230015
-25.900000 -3.229157
-25.800000 -3.228291
-25.700000 -3.227419
-25.600000 -3.226541
-25.500000 -3.225655
-25.400000 -3.224762
-25.300000 -3.223863
-25.200000 -3.222956
-25.100000 -3.222042
-25.000000 -3.221120
-24.900000 -3.220191
-24.800000 -3.219255
-24.700000 -3.218311
-24.600000 -3.217360
-24.500000 -3.216400
-24.400000 -3.215433
-24.300000 -3.214458
-24.200000 -3.213475
-24.100000 -3.212484
-24.000000 -3.211484
-23.900000 -3.210476
-23.800000 -3.209460
-23.700000 -3.208435
-23.600000 -3.207401
-23.500000 -3.206358
-23.400000 -3.205307
-23.300000 -3.204247
-23.200000 -3.203177
-23.100000 -3.202098
-23.000000 -3.201010
-22.900000 -3.199912
-22.800000 -3.198805
-22.700000 -3.197688
-22.600000 -3.196561
-22.500000 -3.195424
-22.400000 -3.194277
-22.300000 -3.193119
-22.200000 -3.191951
-22.100000 -3.190773
-22.000000 -3.189584
-21.900000 -3.188384
-21.800000 -3.187173
-21.700000 -3.185951
-21.600000 -3.184717
-21.500000 -3.183472
-21.400000 -3.182215
-21.300000 -3.180947
-21.200000 -3.179667
-21.100000 -3.178374
-21.000000 -3.177069
-20.900000 -3.175752
-20.800000 -3.174422
-20.700000 -3.173079
-20.600000 -3.171723
-20.500000 -3.170354
-20.400000 -3.168972
-20.300000 -3.167576
-20.200000 -3.166166
-20.100000 -3.164742
-20.000000 -3.163303
-19.900000 -3.161851
-19.800000 -3.160383
-19.700000 -3.158901
-19.600000 -3.157404
-19.500000 -3.155891
-19.400000 -3.154363
-19.300000 -3.152819
-19.200000 -3.151258
-19.100000 -3.149682
-19.000000 -3.148089
-18.900000 -3.146478
-18.800000 -3.144851
-18.700000 -3.143207
-18.600000 -3.141544
-18.500000 -3.139864
-18.400000 -3.138166
-18.300000 -3.136449
-18.200000 -3.134713
-18.100000 -3.132958
-18.000000 -3.131183
-17.900000 -3.129389
-17.800000 -3.127574
-17.700000 -3.125739
-17.600000 -3.123883
-17.500000 -3.122006
-17.400000 -3.120107
-17.300000 -3.118186
-17.200000 -3.116243
-17.100000 -3.114278
-17.000000 -3.112289
-16.900000 -3.110276
-16.800000 -3.108240
-16.700000 -3.106179
-16.600000 -3.104094
-16.500000 -3.101983
-16.400000 -3.099846
-16.300000 -3.097683
-16.200000 -3.095494
-16.100000 -3.093277
-16.000000 -3.091033
-15.900000 -3.088760
-15.800000 -3.086459
-15.700000 -3.084128
-15.600000 -3.081767
-15.500000 -3.079376
-15.400000 -3.076954
-15.300000 -3.074500
-15.200000 -3.072014
-15.100000 -3.069495
-15.000000 -3.066943
-14.900000 -3.064356
-14.800000 -3.061734
-14.700000 -3.059076
-14.600000 -3.056382
-14.500000 -3.053651
-14.400000 -3.050882
-14.300000 -3.048074
-14.200000 -3.045226
-14.100000 -3.042338
-14.000000 -3.039408
-13.900000 -3.036436
-13.800000 -3.033420
-13.700000 -3.030361
-13.600000 -3.027255
-13.500000 -3.024104
-13.400000 -3.020905
-13.300000 -3.017657
-13.200000 -3.014360
-13.100000 -3.011011
-13.000000 -3.007610
-12.900000 -3.004154
-12.800000 -3.000644
-12.700000 -2.997077
-12.600000 -2.993451
-12.500000 -2.989766
-12.400000 -2.986019
-12.300000 -2.982208
-12.200000 -2.978333
-12.100000 -2.974389
-12.000000 -2.970377
-11.900000 -2.966293
-11.800000 -2.962135
-11.700000 -2.957901
-11.600000 -2.953588
-11.500000 -2.949194
-11.400000 -2.944715
-11.300000 -2.940150
-11.200000 -2.935495
-11.100000 -2.930747
-11.000000 -2.925903
-10.900000 -2.920960
-10.800000 -2.915913
-10.700000 -2.910761
-10.600000 -2.905498
-10.500000 -2.900122
-10.400000 -2.894629
-10.300000 -2.889015
-10.200000 -2.883277
-10.100000 -2.877411
-10.000000 -2.871413
-9.900000 -2.865281
-9.800000 -2.859011
-9.700000 -2.852601
-9.600000 -2.846049
-9.500000 -2.839352
-9.400000 -2.832510
-9.300000 -2.825522
-9.200000 -2.818388
-9.100000 -2.811110
-9.000000 -2.803690
-8.900000 -2.796133
-8.800000 -2.788443
-8.700000 -2.780627
-8.600000 -2.772694
-8.500000 -2.764655
-8.400000 -2.756522
-8.300000 -2.748312
-8.200000 -2.740042
-8.100000 -2.731731
-8.000000 -2.723405
-7.900000 -2.715087
-7.800000 -2.706809
-7.700000 -2.698600
-7.600000 -2.690496
-7.500000 -2.682534
-7.400000 -2.674754
-7.300000 -2.667196
-7.200000 -2.659903
-7.100000 -2.652920
-7.000000 -2.646290
-6.900000 -2.640055
-6.800000 -2.634258
-6.700000 -2.628935
-6.600000 -2.624121
-6.500000 -2.619844
-6.400000 -2.616122
-6.300000 -2.612968
-6.200000 -2.610380
-6.100000 -2.608345
-6.000000 -2.606833
-5.900000 -2.605797
-5.800000 -2.605173
-5.700000 -2.604872
-5.600000 -2.604785
-5.500000 -2.604779
-5.400000 -2.604692
-5.300000 -2.604339
-5.200000 -2.603507
-5.100000 -2.601957
-5.000000 -2.599422
-4.900000 -2.595614
-4.800000 -2.590221
-4.700000 -2.582910
-4.600000 -2.573334
-4.500000 -2.561134
-4.400000 -2.545945
-4.300000 -2.527401
-4.200000 -2.505141
-4.100000 -2.478819
-4.000000 -2.448108
-3.900000 -2.412712
-3.800000 -2.372369
-3.700000 -2.326865
-3.600000 -2.276035
-3.500000 -2.219777
-3.400000 -2.158056
-3.300000 -2.090909
-3.200000 -2.018452
-3.100000 -1.940882
-3.000000 -1.858481
-2.900000 -1.771615
-2.800000 -1.680731
-2.700000 -1.586358
-2.600000 -1.489099
-2.500000 -1.389625
-2.400000 -1.288663
-2.300000 -1.186990
-2.200000 -1.085416
-2.100000 -0.984773
-2.000000 -0.885897
-1.900000 -0.789616
-1.800000 -0.696729
-1.700000 -0.607991
-1.600000 -0.524099
-1.500000 -0.445671
-1.400000 -0.373236
-1.300000 -0.307219
-1.200000 -0.247931
-1.100000 -0.195558
-1.000000 -0.150154
-0.900000 -0.111642
-0.800000 -0.079809
-0.700000 -0.054308
-0.600000 -0.034668
-0.500000 -0.020294
-0.400000 -0.010489
-0.300000 -0.004458
-0.200000 -0.001328
-0.100000 -0.000166
0.000000 0.000000
0.100000 0.000000
0.200000 0.000000
0.300000 0.000000
0.400000 0.000000
0.500000 0.000000
0.600000 0.000000
0.700000 0.000000
0.800000 0.000000
0.900000 0.000000
1.000000 0.000000
1.100000 0.000000
1.200000 0.000000
1.300000 0.000000
1.400000 0.000000
1.500000 0.000000
1.600000 0.000000
1.700000 0.000000
1.800000 0.000000
1.900000 0.000000
2.000000 0.000000
2.100000 0.000000
2.200000 0.000000
2.300000 0.000000
2.400000 0.000000
2.500000 0.000000
2.600000 0.000000
2.700000 0.000000
2.800000 0.000000
2.900000 0.000000
3.000000 0.000000
3.100000 0.000000
3.200000 0.000000
3.300000 0.000000
3.400000 0.000000
3.500000 0.000000
3.600000 0.000000
3.700000 0.000000
3.800000 0.000000
3.900000 0.000000
4.000000 0.000000
4.100000 0.000000
4.200000 0.000000
4.300000 0.000000
4.400000 0.000000
4.500000 0.000000
4.600000 0.000000
4.700000 0.000000
4.800000 0.000000
4.900000 0.000000
5.000000 0.000000
5.100000 0.000000
5.200000 0.000000
5.300000 0.000000
5.400000 0.000000
5.500000 0.000000
5.600000 0.000000
5.700000 0.000000
5.800000 0.000000
5.900000 0.000000
6.000000 0.000000
6.100000 0.000000
6.200000 0.000000
6.300000 0.000000
6.400000 0.000000
6.500000 0.000000
6.600000 0.000000
6.700000 0.000000
6.800000 0.000000
6.900000 0.000000
7.000000 0.000000
7.100000 0.000000
7.200000 0.000000
7.300000 0.000000
7.400000 0.000000
7.500000 0.000000
7.600000 0.000000
7.700000 0.000000
7.800000 0.000000
7.900000 0.000000
8.000000 0.000000
8.100000 0.000000
8.200000 0.000000
8.300000 0.000000
8.400000 0.000000
8.500000 0.000000
8.600000 0.000000
8.700000 0.000000
8.800000 0.000000
8.900000 0.000000
9.000000 0.000000
9.100000 0.000000
9.200000 0.000000
9.300000 0.000000
9.400000 0.000000
9.500000 0.000000
9.600000 0.000000
9.700000 0.000000
9.800000 0.000000
9.900000 0.000000
10.000000 0.000000
10.100000 0.000000
10.200000 0.000000
10.300000 0.000000
10.400000 0.000000
10.500000 0.000000
10.600000 0.000000
10.700000 0.000000
10.800000 0.000000
10.900000 0.000000
11.000000 0.000000
11.100000 0.000000
11.200000 0.000000
11.300000 0.000000
11.400000 0.000000
11.500000 0.000000
11.600000 0.000000
11.700000 0.000000
11.800000 0.000000
11.900000 0.000000
12.000000 0.000000
12.100000 0.000000
12.200000 0.000000
12.300000 0.000000
12.400000 0.000000
12.500000 0.000000
12.600000 0.000000
12.700000 0.000000
12.800000 0.000000
12.900000 0.000000
13.000000 0.000000
13.100000 0.000000
13.200000 0.000000
13.300000 0.000000
13.400000 0.000000
13.500000 0.000000
13.600000 0.000000
13.700000 0.000000
13.800000 0.000000
13.900000 0.000000
14.000000 0.000000
14.100000 0.000000
14.200000 0.000000
14.300000 0.000000
14.400000 0.000000
14.500000 0.000000
14.600000 0.000000
14.700000 0.000000
14.800000 0.000000
14.900000 0.000000
15.000000 0.000000
15.100000 0.000000
15.200000 0.000000
15.300000 0.000000
15.400000 0.000000
15.500000 0.000000
15.600000 0.000000
15.700000 0.000000
15.800000 0.000000
15.900000 0.000000
16.000000 0.000000
16.100000 0.000000
16.200000 0.000000
16.300000 0.000000
16.400000 0.000000
16.500000 0.000000
16.600000 0.000000
16.700000 0.000000
16.800000 0.000000
16.900000 0.000000
17.000000 0.000000
17.100000 0.000000
17.200000 0.000000
17.300000 0.000000
17.400000 0.000000
17.500000 0.000000
17.600000 0.000000
17.700000 0.000000
17.800000 0.000000
17.900000 0.000000
18.000000 0.000000
18.100000 0.000000
18.200000 0.000000
18.300000 0.000000
18.400000 0.000000
18.500000 0.000000
18.600000 0.000000
18.700000 0.000000
18.800000 0.000000
18.900000 0.000000
19.000000 0.000000
19.100000 0.000000
19.200000 0.000000
19.300000 0.000000
19.400000 0.000000
19.500000 0.000000
19.600000 0.000000
19.700000 0.000000
19.800000 0.000000
19.900000 0.000000
