-50.000000 -169.708626
-49.900000 -169.624301
-49.800000 -169.539734
-49.700000 -169.454924
-49.600000 -169.369871
-49.500000 -169.284573
-49.400000 -169.199029
-49.300000 -169.113238
-49.200000 -169.027199
-49.100000 -168.940911
-49.000000 -168.854373
-48.900000 -168.767584
-48.800000 -168.680543
-48.700000 -168.593248
-48.600000 -168.505699
-48.500000 -168.417894
-48.400000 -168.329832
-48.300000 -168.241512
-48.200000 -168.152934
-48.100000 -168.064095
-48.000000 -167.974995
-47.900000 -167.885633
-47.800000 -167.796007
-47.700000 -167.706116
-47.600000 -167.615959
-47.500000 -167.525535
-47.400000 -167.434843
-47.300000 -167.343881
-47.200000 -167.252649
-47.100000 -167.161144
-47.000000 -167.069367
-46.900000 -166.977315
-46.800000 -166.884988
-46.700000 -166.792383
-46.600000 -166.699501
-46.500000 -166.606339
-46.400000 -166.512897
-46.300000 -166.419172
-46.200000 -166.325165
-46.100000 -166.230873
-46.000000 -166.136296
-45.900000 -166.041431
-45.800000 -165.946278
-45.700000 -165.850835
-45.600000 -165.755102
-45.500000 -165.659076
-45.400000 -165.562756
-45.300000 -165.466142
-45.200000 -165.369231
-45.100000 -165.272022
-45.000000 -165.174514
-44.900000 -165.076706
-44.800000 -164.978596
-44.700000 -164.880182
-44.600000 -164.781464
-44.500000 -164.682440
-44.400000 -164.583108
-44.300000 -164.483467
-44.200000 -164.383516
-44.100000 -164.283253
-44.000000 -164.182677
-43.900000 -164.081786
-43.800000 -163.980579
-43.700000 -163.879054
-43.600000 -163.777209
-43.500000 -163.675044
-43.400000 -163.572557
-43.300000 -163.469745
-43.200000 -163.366609
-43.100000 -163.263145
-43.000000 -163.159353
-42.900000 -163.055231
-42.800000 -162.950778
-42.700000 -162.845991
-42.600000 -162.740869
-42.500000 -162.635411
-42.400000 -162.529615
-42.300000 -162.423480
-42.200000 -162.317003
-42.100000 -162.210183
-42.000000 -162.103019
-41.900000 -161.995508
-41.800000 -161.887650
-41.700000 -161.779442
-41.600000 -161.670882
-41.500000 -161.561969
-41.400000 -161.452702
-41.300000 -161.343078
-41.200000 -161.233096
-41.100000 -161.122754
-41.000000 -161.012051
-40.900000 -160.900983
-40.800000 -160.789550
-40.700000 -160.677751
-40.600000 -160.565582
-40.500000 -160.453042
-40.400000 -160.340130
-40.300000 -160.226843
-40.200000 -160.113180
-40.100000 -159.999138
-40.000000 -159.884717
-39.900000 -159.769913
-39.800000 -159.654725
-39.700000 -159.539152
-39.600000 -159.423191
-39.500000 -159.306840
-39.400000 -159.190097
-39.300000 -159.072960
-39.200000 -158.955428
-39.100000 -158.837498
-39.000000 -158.719168
-38.900000 -158.600436
-38.800000 -158.481301
-38.700000 -158.361760
-38.600000 -158.241810
-38.500000 -158.121451
-38.400000 -158.000679
-38.300000 -157.879493
-38.200000 -157.757891
-38.100000 -157.635870
-38.000000 -157.513428
-37.900000 -157.390563
-37.800000 -157.267274
-37.700000 -157.143556
-37.600000 -157.019410
-37.500000 -156.894831
-37.400000 -156.769818
-37.300000 -156.644369
-37.200000 -156.518482
-37.100000 -156.392153
-37.000000 -156.265381
-36.900000 -156.138164
-36.800000 -156.010499
-36.700000 -155.882383
-36.600000 -155.753815
-36.500000 -155.624791
-36.400000 -155.495310
-36.300000 -155.365369
-36.200000 -155.234966
-36.100000 -155.104097
-36.000000 -154.972762
-35.900000 -154.840956
-35.800000 -154.708678
-35.700000 -154.575925
-35.600000 -154.442695
-35.500000 -154.308984
-35.400000 -154.174791
-35.300000 -154.040112
-35.200000 -153.904946
-35.100000 -153.769288
-35.000000 -153.633138
-34.900000 -153.496491
-34.800000 -153.359346
-34.700000 -153.221699
-34.600000 -153.083548
-34.500000 -152.944891
-34.400000 -152.805723
-34.300000 -152.666043
-34.200000 -152.525847
-34.100000 -152.385133
-34.000000 -152.243898
-33.900000 -152.102139
-33.800000 -151.959853
-33.700000 -151.817037
-33.600000 -151.673688
-33.500000 -151.529803
-33.400000 -151.385379
-33.300000 -151.240413
-33.200000 -151.094903
-33.100000 -150.948844
-33.000000 -150.802234
-32.900000 -150.655070
-32.800000 -150.507348
-32.700000 -150.359066
-32.600000 -150.210220
-32.500000 -150.060807
-32.400000 -149.910824
-32.300000 -149.760267
-32.200000 -149.609133
-32.100000 -149.457419
-32.000000 -149.305122
-31.900000 -149.152237
-31.800000 -148.998763
-31.700000 -148.844694
-31.600000 -148.690029
-31.500000 -148.534763
-31.400000 -148.378892
-31.300000 -148.222415
-31.200000 -148.065325
-31.100000 -147.907621
-31.000000 -147.749299
-30.900000 -147.590354
-30.800000 -147.430784
-30.700000 -147.270584
-30.600000 -147.109751
-30.500000 -146.948281
-30.400000 -146.786170
-30.300000 -146.623415
-30.200000 -146.460011
-30.100000 -146.295955
-30.000000 -146.131243
-29.900000 -145.965871
-29.800000 -145.799834
-29.700000 -145.633129
-29.600000 -145.465752
-29.500000 -145.297699
-29.400000 -145.128966
-29.300000 -144.959548
-29.200000 -144.789441
-29.100000 -144.618641
-29.000000 -144.447144
-28.900000 -144.274946
-28.800000 -144.102042
-28.700000 -143.928428
-28.600000 -143.754100
-28.500000 -143.579052
-28.400000 -143.403281
-28.300000 -143.226783
-28.200000 -143.049552
-28.100000 -142.871584
-28.000000 -142.692875
-27.900000 -142.513419
-27.800000 -142.333213
-27.700000 -142.152251
-27.600000 -141.970528
-27.500000 -141.788041
-27.400000 -141.604783
-27.300000 -141.420751
-27.200000 -141.235939
-27.100000 -141.050342
-27.000000 -140.863955
-26.900000 -140.676774
-26.800000 -140.488792
-26.700000 -140.300006
-26.600000 -140.110409
-26.500000 -139.919997
-26.400000 -139.728764
-26.300000 -139.536705
-26.200000 -139.343815
-26.100000 -139.150087
-26.000000 -138.955518
-25.900000 -138.760100
-25.800000 -138.563830
-25.700000 -138.366700
-25.600000 -138.168706
-25.500000 -137.969841
-25.400000 -137.770101
-25.300000 -137.569478
-25.200000 -137.367968
-25.100000 -137.165564
-25.000000 -136.962261
-24.900000 -136.758052
-24.800000 -136.552931
-24.700000 -136.346893
-24.600000 -136.139930
-24.500000 -135.932038
-24.400000 -135.723209
-24.300000 -135.513437
-24.200000 -135.302716
-24.100000 -135.091040
-24.000000 -134.878401
-23.900000 -134.664794
-23.800000 -134.450211
-23.700000 -134.234646
-23.600000 -134.018092
-23.500000 -133.800543
-23.400000 -133.581991
-23.300000 -133.362429
-23.200000 -133.141851
-23.100000 -132.920250
-23.000000 -132.697618
-22.900000 -132.473948
-22.800000 -132.249232
-22.700000 -132.023465
-22.600000 -131.796637
-22.500000 -131.568742
-22.400000 -131.339772
-22.300000 -131.109719
-22.200000 -130.878576
-22.100000 -130.646335
-22.000000 -130.412988
-21.900000 -130.178527
-21.800000 -129.942944
-21.700000 -129.706232
-21.600000 -129.468381
-21.500000 -129.229384
-21.400000 -128.989233
-21.300000 -128.747918
-21.200000 -128.505432
-21.100000 -128.261767
-21.000000 -128.016912
-20.900000 -127.770860
-20.800000 -127.523602
-20.700000 -127.275130
-20.600000 -127.025433
-20.500000 -126.774503
-20.400000 -126.522330
-20.300000 -126.268907
-20.200000 -126.014222
-20.100000 -125.758267
-20.000000 -125.501033
-19.900000 -125.242509
-19.800000 -124.982686
-19.700000 -124.721554
-19.600000 -124.459103
-19.500000 -124.195323
-19.400000 -123.930205
-19.300000 -123.663737
-19.200000 -123.395909
-19.100000 -123.126712
-19.000000 -122.856134
-18.900000 -122.584165
-18.800000 -122.310794
-18.700000 -122.036010
-18.600000 -121.759803
-18.500000 -121.482161
-18.400000 -121.203072
-18.300000 -120.922527
-18.200000 -120.640512
-18.100000 -120.357017
-18.000000 -120.072030
-17.900000 -119.785539
-17.800000 -119.497532
-17.700000 -119.207998
-17.600000 -118.916923
-17.500000 -118.624296
-17.400000 -118.330104
-17.300000 -118.034334
-17.200000 -117.736975
-17.100000 -117.438012
-17.000000 -117.137433
-16.900000 -116.835225
-16.800000 -116.531375
-16.700000 -116.225869
-16.600000 -115.918693
-16.500000 -115.609835
-16.400000 -115.299279
-16.300000 -114.987012
-16.200000 -114.673020
-16.100000 -114.357288
-16.000000 -114.039802
-15.900000 -113.720547
-15.800000 -113.399509
-15.700000 -113.076672
-15.600000 -112.752022
-15.500000 -112.425543
-15.400000 -112.097219
-15.300000 -111.767035
-15.200000 -111.434975
-15.100000 -111.101023
-15.000000 -110.765163
-14.900000 -110.427378
-14.800000 -110.087653
-14.700000 -109.745969
-14.600000 -109.402312
-14.500000 -109.056663
-14.400000 -108.709004
-14.300000 -108.359320
-14.200000 -108.007592
-14.100000 -107.653803
-14.000000 -107.297935
-13.900000 -106.939969
-13.800000 -106.579888
-13.700000 -106.217673
-13.600000 -105.853305
-13.500000 -105.486767
-13.400000 -105.118040
-13.300000 -104.747104
-13.200000 -104.373941
-13.100000 -103.998532
-13.000000 -103.620858
-12.900000 -103.240900
-12.800000 -102.858637
-12.700000 -102.474053
-12.600000 -102.087126
-12.500000 -101.697838
-12.400000 -101.306170
-12.300000 -100.912102
-12.200000 -100.515616
-12.100000 -100.116692
-12.000000 -99.715311
-11.900000 -99.311455
-11.800000 -98.905104
-11.700000 -98.496240
-11.600000 -98.084843
-11.500000 -97.670896
-11.400000 -97.254379
-11.300000 -96.835274
-11.200000 -96.413561
-11.100000 -95.989221
-11.000000 -95.562236
-10.900000 -95.132585
-10.800000 -94.700248
-10.700000 -94.265205
-10.600000 -93.827434
-10.500000 -93.386911
-10.400000 -92.943614
-10.300000 -92.497516
-10.200000 -92.048590
-10.100000 -91.596806
-10.000000 -91.142132
-9.900000 -90.684532
-9.800000 -90.223968
-9.700000 -89.760395
-9.600000 -89.293765
-9.500000 -88.824025
-9.400000 -88.351114
-9.300000 -87.874966
-9.200000 -87.395504
-9.100000 -86.912645
-9.000000 -86.426294
-8.900000 -85.936347
-8.800000 -85.442684
-8.700000 -84.945177
-8.600000 -84.443678
-8.500000 -83.938026
-8.400000 -83.428042
-8.300000 -82.913528
-8.200000 -82.394265
-8.100000 -81.870012
-8.000000 -81.340506
-7.900000 -80.805457
-7.800000 -80.264551
-7.700000 -79.717443
-7.600000 -79.163759
-7.500000 -78.603095
-7.400000 -78.035013
-7.300000 -77.459041
-7.200000 -76.874674
-7.100000 -76.281366
-7.000000 -75.678537
-6.900000 -75.065568
-6.800000 -74.441801
-6.700000 -73.806537
-6.600000 -73.159040
-6.500000 -72.498534
-6.400000 -71.824204
-6.300000 -71.135201
-6.200000 -70.430636
-6.100000 -69.709590
-6.000000 -68.971114
-5.900000 -68.214232
-5.800000 -67.437944
-5.700000 -66.641235
-5.600000 -65.823081
-5.500000 -64.982450
-5.400000 -64.118319
-5.300000 -63.229678
-5.200000 -62.315538
-5.100000 -61.374950
-5.000000 -60.407010
-4.900000 -59.410878
-4.800000 -58.385790
-4.700000 -57.331073
-4.600000 -56.246162
-4.500000 -55.130620
-4.400000 -53.984151
-4.300000 -52.806619
-4.200000 -51.598069
-4.100000 -50.358742
-4.000000 -49.089091
-3.900000 -47.789799
-3.800000 -46.461795
-3.700000 -45.106264
-3.600000 -43.724660
-3.500000 -42.318714
-3.400000 -40.890440
-3.300000 -39.442139
-3.200000 -37.976394
-3.100000 -36.496069
-3.000000 -35.004298
-2.900000 -33.504468
-2.800000 -32.000210
-2.700000 -30.495367
-2.600000 -28.993972
-2.500000 -27.500214
-2.400000 -26.018406
-2.300000 -24.552944
-2.200000 -23.108263
-2.100000 -21.688795
-2.000000 -20.298918
-1.900000 -18.942914
-1.800000 -17.624914
-1.700000 -16.348851
-1.600000 -15.118414
-1.500000 -13.937001
-1.400000 -12.807677
-1.300000 -11.733138
-1.200000 -10.715672
-1.100000 -9.757131
-1.000000 -8.858915
-0.900000 -8.021945
-0.800000 -7.246663
-0.700000 -6.533024
-0.600000 -5.880501
-0.500000 -5.288101
-0.400000 -4.754380
-0.300000 -4.277472
-0.200000 -3.855117
-0.100000 -3.484703
0.000000 -3.163303
0.100000 -2.887728
0.200000 -2.654567
0.300000 -2.460248
0.400000 -2.301084
0.500000 -2.173328
0.600000 -2.073221
0.700000 -1.997049
0.800000 -1.941180
0.900000 -1.902115
1.000000 -1.876524
1.100000 -1.861279
1.200000 -1.853486
1.300000 -1.850506
1.400000 -1.849971
1.500000 -1.849800
1.600000 -1.848202
1.700000 -1.843679
1.800000 -1.835016
1.900000 -1.821281
2.000000 -1.801801
2.100000 -1.776153
2.200000 -1.744141
2.300000 -1.705771
2.400000 -1.661233
2.500000 -1.610868
2.600000 -1.555149
2.700000 -1.494650
2.800000 -1.430025
2.900000 -1.361981
3.000000 -1.291260
3.100000 -1.218612
3.200000 -1.144782
3.300000 -1.070493
3.400000 -0.996429
3.500000 -0.923227
3.600000 -0.851468
3.700000 -0.781669
3.800000 -0.714279
3.900000 -0.649678
4.000000 -0.588175
4.100000 -0.530010
4.200000 -0.475358
4.300000 -0.424329
4.400000 -0.376976
4.500000 -0.333302
4.600000 -0.293260
4.700000 -0.256765
4.800000 -0.223696
4.900000 -0.193905
5.000000 -0.167223
5.100000 -0.143462
5.200000 -0.122424
5.300000 -0.103906
5.400000 -0.087701
5.500000 -0.073602
5.600000 -0.061409
5.700000 -0.050928
5.800000 -0.041973
5.900000 -0.034371
6.000000 -0.027957
6.100000 -0.022582
6.200000 -0.018108
6.300000 -0.014410
6.400000 -0.011376
6.500000 -0.008905
6.600000 -0.006908
6.700000 -0.005308
6.800000 -0.004038
6.900000 -0.003039
7.000000 -0.002261
7.100000 -0.001662
7.200000 -0.001206
7.300000 -0.000864
7.400000 -0.000610
7.500000 -0.000426
7.600000 -0.000294
7.700000 -0.000203
7.800000 -0.000140
7.900000 -0.000099
8.000000 -0.000073
8.100000 -0.000058
8.200000 -0.000049
8.300000 -0.000045
8.400000 -0.000043
8.500000 -0.000043
8.600000 -0.000043
8.700000 -0.000043
8.800000 -0.000042
8.900000 -0.000041
9.000000 -0.000040
9.100000 -0.000038
9.200000 -0.000035
9.300000 -0.000033
9.400000 -0.000030
9.500000 -0.000027
9.600000 -0.000024
9.700000 -0.000022
9.800000 -0.000019
9.900000 -0.000017
10.000000 -0.000014
10.100000 -0.000012
10.200000 -0.000010
10.300000 -0.000009
10.400000 -0.000007
10.500000 -0.000006
10.600000 -0.000005
10.700000 -0.000004
10.800000 -0.000003
10.900000 -0.000003
11.000000 -0.000002
11.100000 -0.000002
11.200000 -0.000001
11.300000 -0.000001
11.400000 -0.000001
11.500000 -0.000001
11.600000 -0.000001
11.700000 -0.000000
11.800000 -0.000000
11.900000 -0.000000
12.000000 -0.000000
12.100000 -0.000000
12.200000 -0.000000
12.300000 -0.000000
12.400000 -0.000000
12.500000 -0.000000
12.600000 -0.000000
12.700000 -0.000000
12.800000 -0.000000
12.900000 -0.000000
13.000000 -0.000000
13.100000 -0.000000
13.200000 -0.000000
13.300000 -0.000000
13.400000 -0.000000
13.500000 -0.000000
13.600000 -0.000000
13.700000 -0.000000
13.800000 -0.000000
13.900000 -0.000000
14.000000 -0.000000
14.100000 -0.000000
14.200000 -0.000000
14.300000 -0.000000
14.400000 -0.000000
14.500000 -0.000000
14.600000 -0.000000
14.700000 -0.000000
14.800000 -0.000000
14.900000 -0.000000
15.000000 -0.000000
15.100000 -0.000000
15.200000 -0.000000
15.300000 -0.000000
15.400000 -0.000000
15.500000 -0.000000
15.600000 -0.000000
15.700000 -0.000000
15.800000 -0.000000
15.900000 -0.000000
16.000000 -0.000000
16.100000 -0.000000
16.200000 -0.000000
16.300000 -0.000000
16.400000 -0.000000
16.500000 -0.000000
16.600000 -0.000000
16.700000 -0.000000
16.800000 -0.000000
16.900000 -0.000000
17.000000 -0.000000
17.100000 -0.000000
17.200000 -0.000000
17.300000 -0.000000
17.400000 -0.000000
17.500000 -0.000000
17.600000 -0.000000
17.700000 -0.000000
17.800000 -0.000000
17.900000 -0.000000
18.000000 -0.000000
18.100000 -0.000000
18.200000 -0.000000
18.300000 -0.000000
18.400000 -0.000000
18.500000 -0.000000
18.600000 -0.000000
18.700000 -0.000000
18.800000 -0.000000
18.900000 -0.000000
19.000000 -0.000000
19.100000 -0.000000
19.200000 -0.000000
19.300000 -0.000000
19.400000 -0.000000
19.500000 -0.000000
19.600000 -0.000000
19.700000 -0.000000
19.800000 -0.000000
19.900000 -0.000000
