-20.000000000000000 -0.125640711465318
-19.899999999999999 -0.126272071990725
-19.800000000000001 -0.126909809969614
-19.699999999999999 -0.127554022541605
-19.600000000000001 -0.128204808832973
-19.500000000000000 -0.128862270008049
-19.399999999999999 -0.129526509322192
-19.300000000000001 -0.130197632176292
-19.199999999999999 -0.130875746172848
-19.100000000000001 -0.131560961173574
-19.000000000000000 -0.132253389358529
-18.899999999999999 -0.132953145286699
-18.800000000000001 -0.133660345957959
-18.699999999999999 -0.134375110876306
-18.600000000000001 -0.135097562114241
-18.500000000000000 -0.135827824378090
-18.399999999999999 -0.136566025074104
-18.300000000000001 -0.137312294375055
-18.199999999999999 -0.138066765287051
-18.100000000000001 -0.138829573716272
-18.000000000000000 -0.139600858535254
-17.899999999999999 -0.140380761648363
-17.800000000000001 -0.141169428056087
-17.699999999999999 -0.141967005917770
-17.600000000000001 -0.142773646612460
-17.500000000000000 -0.143589504797598
-17.399999999999999 -0.144414738465394
-17.300000000000001 -0.145249508996872
-17.199999999999999 -0.146093981213782
-17.100000000000001 -0.146948323428883
-17.000000000000000 -0.147812707495428
-16.899999999999999 -0.148687308857180
-16.800000000000001 -0.149572306600829
-16.699999999999999 -0.150467883513383
-16.600000000000001 -0.151374226147908
-16.500000000000000 -0.152291524901975
-16.399999999999999 -0.153219974114227
-16.300000000000001 -0.154159772185773
-16.199999999999999 -0.155111121734453
-16.100000000000001 -0.156074229791585
-16.000000000000000 -0.157049308052383
-15.900000000000000 -0.158036573192980
-15.799999999999999 -0.159036247268700
-15.699999999999999 -0.160048558209988
-15.600000000000000 -0.161073740433993
-15.500000000000000 -0.162112035591283
-15.400000000000000 -0.163163693468296
-15.299999999999999 -0.164228973066885
-15.199999999999999 -0.165308143882429
-15.100000000000000 -0.166401487401406
-15.000000000000000 -0.167509298837742
-14.900000000000000 -0.168631889124566
-14.799999999999999 -0.169769587173859
-14.699999999999999 -0.170922742410767
-14.600000000000000 -0.172091727581725
-14.500000000000000 -0.173276941825799
-14.400000000000000 -0.174478813986570
-14.299999999999999 -0.175697806127215
-14.199999999999999 -0.176934417194102
-14.100000000000000 -0.178189186753966
-14.000000000000000 -0.179462698706649
-13.900000000000000 -0.180755584849489
-13.799999999999999 -0.182068528140802
-13.699999999999999 -0.183402265478988
-13.600000000000000 -0.184757589780934
-13.500000000000000 -0.186135351108956
-13.400000000000000 -0.187536456561980
-13.299999999999999 -0.188961868610633
-13.199999999999999 -0.190412601526443
-13.100000000000000 -0.191889715524668
-13.000000000000000 -0.193394308217899
-12.900000000000000 -0.194927502961128
-12.799999999999999 -0.196490433662285
-12.699999999999999 -0.198084225637472
-12.600000000000000 -0.199709972109802
-12.500000000000000 -0.201368705987693
-12.400000000000000 -0.203061366615312
-12.299999999999999 -0.204788761267347
-12.199999999999999 -0.206551521264988
-12.100000000000000 -0.208350052722103
-12.000000000000000 -0.210184482092097
-11.900000000000000 -0.212054596877910
-11.799999999999999 -0.213959782091611
-11.699999999999999 -0.215898953303478
-11.600000000000000 -0.217870487406153
-11.500000000000000 -0.219872152530114
-11.400000000000000 -0.221901038882523
-11.299999999999999 -0.223953492634907
-11.199999999999999 -0.226025055350061
-11.100000000000000 -0.228110411806196
-11.000000000000000 -0.230203349436399
-10.900000000000000 -0.232296732941724
-10.799999999999999 -0.234382497943082
-10.699999999999999 -0.236451667794928
-10.600000000000000 -0.238494397876194
-10.500000000000000 -0.240500051782892
-10.399999999999999 -0.242457313854076
-10.299999999999999 -0.244354342349606
-10.199999999999999 -0.246178967345915
-10.100000000000000 -0.247918937007389
-10.000000000000000 -0.249562215309975
-9.899999999999999 -0.251097333526864
-9.799999999999999 -0.252513796823171
-9.699999999999999 -0.253802546141203
-9.600000000000000 -0.254956474188814
-9.500000000000000 -0.255970992774804
-9.399999999999999 -0.256844646978189
-9.299999999999999 -0.257579769710488
-9.199999999999999 -0.258183168157713
-9.100000000000000 -0.258666831405528
-9.000000000000000 -0.259048646299376
-8.899999999999999 -0.259353106322057
-8.799999999999999 -0.259611996043086
-8.699999999999999 -0.259865031573567
-8.600000000000000 -0.260160435520275
-8.500000000000000 -0.260555423251574
-8.399999999999999 -0.261116575947980
-8.299999999999999 -0.261920074995785
-8.199999999999999 -0.263051771877191
-8.100000000000000 -0.264607067895949
-7.999999999999999 -0.266690578929236
-7.899999999999999 -0.269415561981540
-7.799999999999999 -0.272903082690264
-7.699999999999999 -0.277280906136533
-7.600000000000000 -0.282682097371499
-7.499999999999999 -0.289243322980974
-7.399999999999999 -0.297102850758790
-7.299999999999999 -0.306398251096025
-7.199999999999999 -0.317263810945825
-7.100000000000000 -0.329827679090661
-6.999999999999999 -0.344208769790397
-6.899999999999999 -0.360513460567230
-6.799999999999999 -0.378832128702425
-6.699999999999999 -0.399235579769983
-6.600000000000000 -0.421771429983316
-6.499999999999999 -0.446460512034560
-6.399999999999999 -0.473293381202904
-6.299999999999999 -0.502227004532978
-6.199999999999999 -0.533181720573002
-6.100000000000000 -0.566038560260117
-5.999999999999999 -0.600637020809105
-5.899999999999999 -0.636773383687844
-5.799999999999999 -0.674199664769579
-5.699999999999999 -0.712623279401436
-5.600000000000000 -0.751707497333484
-5.499999999999999 -0.791072752182654
-5.399999999999999 -0.830298857393177
-5.299999999999999 -0.868928165599489
-5.199999999999999 -0.906469691068717
-5.099999999999999 -0.942404195739445
-4.999999999999999 -0.976190218593959
-4.899999999999999 -1.007271006083096
-4.799999999999999 -1.035082278509657
-4.699999999999999 -1.059060744167385
-4.599999999999999 -1.078653250173065
-4.499999999999999 -1.093326436899557
-4.399999999999999 -1.102576742318909
-4.299999999999999 -1.105940584004845
-4.199999999999999 -1.103004530620625
-4.099999999999999 -1.093415262002461
-3.999999999999999 -1.076889107966673
-3.899999999999999 -1.053220951185283
-3.799999999999999 -1.022292279276067
-3.699999999999999 -0.984078175931475
-3.599999999999999 -0.938653050651231
-3.499999999999999 -0.886194921511199
-3.399999999999999 -0.826988085334323
-3.299999999999999 -0.761424034432212
-3.199999999999999 -0.690000508427139
-3.099999999999999 -0.613318603078722
-2.999999999999999 -0.532077894933789
-2.899999999999999 -0.447069580279688
-2.799999999999999 -0.359167668492634
-2.699999999999999 -0.269318312527110
-2.599999999999999 -0.178527402015441
-2.499999999999999 -0.087846586218163
-2.399999999999999 0.001642066153328
-2.299999999999999 0.088842526462755
-2.199999999999999 0.172662108506838
-2.099999999999999 0.252029309404231
-1.999999999999999 0.325911862727128
-1.899999999999999 0.393334662122434
-1.799999999999999 0.453397205314146
-1.699999999999999 0.505290207559185
-1.599999999999999 0.548311040595295
-1.499999999999999 0.581877667933043
-1.399999999999999 0.605540769870280
-1.299999999999999 0.618993781515187
-1.199999999999999 0.622080603867970
-1.099999999999999 0.614800790922153
-0.999999999999999 0.597312063924752
-0.899999999999999 0.569930056351057
-0.799999999999999 0.533125248649038
-0.699999999999999 0.487517109137101
-0.599999999999999 0.433865515278062
-0.499999999999999 0.373059586549291
-0.399999999999999 0.306104114934945
-0.299999999999999 0.234103830369704
-0.199999999999999 0.158245785026183
-0.099999999999999 0.079780181028774
0.000000000000001 -0.000000000000001
0.100000000000001 -0.079780181028776
0.200000000000001 -0.158245785026185
0.300000000000001 -0.234103830369705
0.400000000000001 -0.306104114934947
0.500000000000001 -0.373059586549291
0.600000000000001 -0.433865515278064
0.700000000000001 -0.487517109137101
0.800000000000001 -0.533125248649038
0.900000000000001 -0.569930056351058
1.000000000000001 -0.597312063924752
1.100000000000001 -0.614800790922154
1.200000000000001 -0.622080603867969
1.300000000000001 -0.618993781515187
1.400000000000001 -0.605540769870279
1.500000000000001 -0.581877667933042
1.600000000000001 -0.548311040595295
1.700000000000001 -0.505290207559184
1.800000000000001 -0.453397205314145
1.900000000000001 -0.393334662122433
2.000000000000001 -0.325911862727126
2.100000000000001 -0.252029309404229
2.200000000000001 -0.172662108506836
2.300000000000001 -0.088842526462752
2.400000000000001 -0.001642066153325
2.500000000000001 0.087846586218164
2.600000000000001 0.178527402015443
2.700000000000001 0.269318312527112
2.800000000000001 0.359167668492635
2.900000000000001 0.447069580279692
3.000000000000001 0.532077894933790
3.100000000000001 0.613318603078723
3.200000000000001 0.690000508427141
3.300000000000001 0.761424034432212
3.400000000000001 0.826988085334325
3.500000000000001 0.886194921511200
3.600000000000001 0.938653050651232
3.700000000000002 0.984078175931476
3.800000000000001 1.022292279276068
3.900000000000001 1.053220951185286
4.000000000000002 1.076889107966672
4.100000000000001 1.093415262002460
4.200000000000001 1.103004530620624
4.300000000000002 1.105940584004846
4.400000000000001 1.102576742318910
4.500000000000002 1.093326436899556
4.600000000000001 1.078653250173065
4.700000000000001 1.059060744167384
4.800000000000002 1.035082278509656
4.900000000000001 1.007271006083096
5.000000000000002 0.976190218593957
5.100000000000001 0.942404195739444
5.200000000000001 0.906469691068716
5.300000000000002 0.868928165599488
5.400000000000001 0.830298857393177
5.500000000000002 0.791072752182654
5.600000000000001 0.751707497333483
5.700000000000001 0.712623279401436
5.800000000000002 0.674199664769578
5.900000000000001 0.636773383687843
6.000000000000002 0.600637020809105
6.100000000000001 0.566038560260117
6.200000000000001 0.533181720573000
6.300000000000002 0.502227004532978
6.400000000000001 0.473293381202902
6.500000000000002 0.446460512034558
6.600000000000001 0.421771429983316
6.700000000000001 0.399235579769972
6.800000000000002 0.378832128702426
6.900000000000001 0.360513460567228
7.000000000000002 0.344208769790400
7.100000000000001 0.329827679090661
7.200000000000001 0.317263810945823
7.300000000000002 0.306398251096026
7.400000000000001 0.297102850758789
7.500000000000002 0.289243322980975
7.600000000000001 0.282682097371499
7.700000000000002 0.277280906136531
7.800000000000002 0.272903082690265
7.900000000000001 0.269415561981539
8.000000000000002 0.266690578929236
8.100000000000001 0.264607067895949
8.200000000000001 0.263051771877190
8.300000000000001 0.261920074995784
8.400000000000002 0.261116575947980
8.500000000000002 0.260555423251575
8.600000000000001 0.260160435520275
8.700000000000001 0.259865031573567
8.800000000000001 0.259611996043086
8.900000000000002 0.259353106322057
9.000000000000002 0.259048646299376
9.100000000000001 0.258666831405527
9.200000000000001 0.258183168157713
9.300000000000002 0.257579769710487
9.400000000000002 0.256844646978189
9.500000000000002 0.255970992774804
9.600000000000001 0.254956474188813
9.700000000000001 0.253802546141203
9.800000000000002 0.252513796823171
9.900000000000002 0.251097333526862
10.000000000000002 0.249562215309973
10.100000000000001 0.247918937007388
10.200000000000001 0.246178967345915
10.300000000000002 0.244354342349605
10.400000000000002 0.242457313854076
10.500000000000002 0.240500051782891
10.600000000000001 0.238494397876194
10.700000000000001 0.236451667794928
10.800000000000002 0.234382497943081
10.900000000000002 0.232296732941724
11.000000000000002 0.230203349436397
11.100000000000001 0.228110411806195
11.200000000000001 0.226025055350059
11.300000000000002 0.223953492634906
11.400000000000002 0.221901038882523
11.500000000000002 0.219872152530113
11.600000000000001 0.217870487406152
11.700000000000001 0.215898953303478
11.800000000000002 0.213959782091612
11.900000000000002 0.212054596877910
12.000000000000002 0.210184482092078
12.100000000000001 0.208350052722104
12.200000000000001 0.206551521264989
12.300000000000002 0.204788761267346
12.400000000000002 0.203061366615313
12.500000000000002 0.201368705987694
12.600000000000001 0.199709972109804
12.700000000000001 0.198084225637474
12.800000000000002 0.196490433662288
12.900000000000002 0.194927502961131
13.000000000000002 0.193394308217902
13.100000000000001 0.191889715524672
13.200000000000001 0.190412601526448
13.300000000000002 0.188961868610640
13.400000000000002 0.187536456561982
13.500000000000002 0.186135351108964
13.600000000000001 0.184757589780906
13.700000000000001 0.183402265478987
13.800000000000002 0.182068528140802
13.900000000000002 0.180755584849489
14.000000000000002 0.179462698706649
14.100000000000001 0.178189186753965
14.200000000000001 0.176934417194102
14.300000000000002 0.175697806127215
14.400000000000002 0.174478813986569
14.500000000000002 0.173276941825799
14.600000000000001 0.172091727581724
14.700000000000001 0.170922742410767
14.800000000000002 0.169769587173858
14.900000000000002 0.168631889124565
15.000000000000002 0.167509298837742
15.100000000000001 0.166401487401406
15.200000000000003 0.165308143882429
15.300000000000002 0.164228973066883
15.400000000000002 0.163163693468295
15.500000000000002 0.162112035591284
15.600000000000001 0.161073740433994
15.700000000000003 0.160048558209987
15.800000000000002 0.159036247268698
15.900000000000002 0.158036573192977
16.000000000000004 0.157049308052384
16.100000000000001 0.156074229791585
16.200000000000003 0.155111121734453
16.300000000000001 0.154159772185772
16.400000000000002 0.153219974114227
16.500000000000004 0.152291524901988
16.600000000000001 0.151374226147907
16.700000000000003 0.150467883513383
16.800000000000001 0.149572306600830
16.900000000000002 0.148687308857179
17.000000000000004 0.147812707495427
17.100000000000001 0.146948323428883
17.200000000000003 0.146093981213781
17.300000000000001 0.145249508996870
17.400000000000002 0.144414738465393
17.500000000000004 0.143589504797598
17.600000000000001 0.142773646612461
17.700000000000003 0.141967005917770
17.800000000000001 0.141169428056086
17.900000000000002 0.140380761648362
18.000000000000004 0.139600858535254
18.100000000000001 0.138829573716272
18.200000000000003 0.138066765287050
18.300000000000001 0.137312294375054
18.400000000000002 0.136566025074103
18.500000000000004 0.135827824378089
18.600000000000001 0.135097562114240
18.700000000000003 0.134375110876306
18.800000000000001 0.133660345957959
18.900000000000002 0.132953145286700
19.000000000000004 0.132253389358528
19.100000000000001 0.131560961173573
19.200000000000003 0.130875746172848
19.300000000000001 0.130197632176293
19.400000000000002 0.129526509322191
19.500000000000004 0.128862270008047
19.600000000000001 0.128204808832973
19.700000000000003 0.127554022541606
19.800000000000001 0.126909809969614
19.900000000000002 0.126272071990726
